1	1.000	-70.000	
1	2.000	-69.971	
1	3.000	-69.759	
1	4.000	-69.321	
1	5.000	-68.723	
1	6.000	-68.019	
1	7.000	-67.258	
1	8.000	-66.462	
1	9.000	-65.633	
1	10.000	-64.827	
1	11.000	-64.071	
1	12.000	-63.374	
1	13.000	-62.705	
1	14.000	-62.081	
1	15.000	-61.527	
1	16.000	-60.995	
1	17.000	-60.481	
1	18.000	-60.002	
1	19.000	-59.519	
1	20.000	-59.033	
1	21.000	-58.561	
1	22.000	-58.175	
1	23.000	-57.862	
1	24.000	-57.588	
1	25.000	-57.350	
1	26.000	-57.127	
1	27.000	-56.928	
1	28.000	-56.751	
1	29.000	-56.596	
1	30.000	-56.436	
1	31.000	-56.304	
1	32.000	-56.213	
1	33.000	-56.163	
1	34.000	-56.118	
1	35.000	-56.108	
1	36.000	-56.116	
1	37.000	-56.083	
1	38.000	-56.019	
1	39.000	-55.913	
1	40.000	-55.773	
1	41.000	-55.610	
1	42.000	-55.443	
1	43.000	-55.301	
1	44.000	-55.214	
1	45.000	-55.154	
1	46.000	-55.158	
1	47.000	-55.180	
1	48.000	-55.194	
1	49.000	-55.203	
1	50.000	-55.189	
1	51.000	-55.208	
1	52.000	-55.273	
1	53.000	-55.383	
1	54.000	-55.532	
1	55.000	-55.706	
1	56.000	-55.909	
1	57.000	-56.143	
1	58.000	-56.361	
1	59.000	-56.529	
1	60.000	-56.654	
1	61.000	-56.714	
1	62.000	-56.679	
1	63.000	-56.588	
1	64.000	-56.482	
1	65.000	-56.379	
1	66.000	-56.306	
1	67.000	-56.287	
1	68.000	-56.336	
1	69.000	-56.430	
1	70.000	-56.513	
1	71.000	-56.560	
1	72.000	-56.577	
1	73.000	-56.603	
1	74.000	-56.640	
1	75.000	-56.649	
1	76.000	-56.575	
1	77.000	-56.436	
1	78.000	-56.332	
1	79.000	-56.276	
1	80.000	-56.279	
1	81.000	-56.264	
1	82.000	-56.223	
1	83.000	-56.183	
1	84.000	-56.096	
1	85.000	-55.974	
1	86.000	-55.883	
1	87.000	-55.850	
1	88.000	-55.825	
1	89.000	-55.825	
1	90.000	-55.895	
1	91.000	-55.997	
1	92.000	-56.085	
1	93.000	-56.152	
1	94.000	-56.210	
1	95.000	-56.265	
1	96.000	-56.310	
1	97.000	-56.310	
1	98.000	-56.306	
1	99.000	-56.312	
1	100.000	-56.265	
1	101.000	-56.198	
1	102.000	-56.113	
1	103.000	-56.030	
1	104.000	-55.950	
1	105.000	-55.880	
1	106.000	-55.847	
1	107.000	-55.856	
1	108.000	-55.900	
1	109.000	-55.952	
1	110.000	-56.031	
1	111.000	-56.089	
1	112.000	-56.134	
1	113.000	-56.168	
1	114.000	-56.170	
1	115.000	-56.154	
1	116.000	-56.152	
1	117.000	-56.122	
1	118.000	-56.072	
1	119.000	-56.008	
1	120.000	-55.951	
1	121.000	-55.936	
1	122.000	-55.976	
1	123.000	-55.984	
1	124.000	-55.931	
1	125.000	-55.852	
1	126.000	-55.774	
1	127.000	-55.709	
1	128.000	-55.700	
1	129.000	-55.716	
1	130.000	-55.740	
1	131.000	-55.781	
1	132.000	-55.798	
1	133.000	-55.822	
1	134.000	-55.850	
1	135.000	-55.886	
1	136.000	-55.953	
1	137.000	-56.026	
1	138.000	-56.109	
1	139.000	-56.211	
1	140.000	-56.280	
1	141.000	-56.322	
1	142.000	-56.398	
1	143.000	-56.489	
1	144.000	-56.562	
1	145.000	-56.622	
1	146.000	-56.684	
1	147.000	-56.722	
1	148.000	-56.711	
1	149.000	-56.653	
1	150.000	-56.565	
1	151.000	-56.465	
1	152.000	-56.380	
1	153.000	-56.311	
1	154.000	-56.270	
1	155.000	-56.251	
1	156.000	-56.240	
1	157.000	-56.230	
1	158.000	-56.216	
1	159.000	-56.214	
1	160.000	-56.210	
1	161.000	-56.203	
1	162.000	-56.215	
1	163.000	-56.285	
1	164.000	-56.395	
1	165.000	-56.495	
1	166.000	-56.581	
1	167.000	-56.666	
1	168.000	-56.720	
1	169.000	-56.743	
1	170.000	-56.714	
1	171.000	-56.656	
1	172.000	-56.567	
1	173.000	-56.448	
1	174.000	-56.309	
1	175.000	-56.162	
1	176.000	-56.061	
1	177.000	-56.003	
1	178.000	-56.006	
1	179.000	-56.043	
1	180.000	-56.094	
1	181.000	-56.165	
1	182.000	-56.235	
1	183.000	-56.290	
1	184.000	-56.300	
1	185.000	-56.309	
1	186.000	-56.305	
1	187.000	-56.277	
1	188.000	-56.230	
1	189.000	-56.143	
1	190.000	-56.052	
1	191.000	-55.999	
1	192.000	-55.970	
1	193.000	-55.892	
1	194.000	-55.794	
1	195.000	-55.681	
1	196.000	-55.577	
1	197.000	-55.501	
1	198.000	-55.481	
1	199.000	-55.569	
1	200.000	-55.720	
1	201.000	-55.882	
1	202.000	-56.007	
1	203.000	-56.093	
1	204.000	-56.155	
1	205.000	-56.209	
1	206.000	-56.271	
1	207.000	-56.289	
1	208.000	-56.265	
1	209.000	-56.219	
1	210.000	-56.157	
1	211.000	-56.088	
1	212.000	-56.033	
1	213.000	-55.963	
1	214.000	-55.878	
1	215.000	-55.778	
1	216.000	-55.689	
1	217.000	-55.633	
1	218.000	-55.624	
1	219.000	-55.645	
1	220.000	-55.684	
1	221.000	-55.736	
1	222.000	-55.771	
1	223.000	-55.811	
1	224.000	-55.876	
1	225.000	-55.926	
1	226.000	-55.979	
1	227.000	-56.021	
1	228.000	-56.052	
1	229.000	-56.090	
1	230.000	-56.129	
1	231.000	-56.145	
1	232.000	-56.128	
1	233.000	-56.071	
1	234.000	-56.017	
1	235.000	-55.957	
1	236.000	-55.900	
1	237.000	-55.895	
1	238.000	-55.926	
1	239.000	-55.994	
1	240.000	-56.060	
1	241.000	-56.100	
1	242.000	-56.094	
1	243.000	-56.074	
1	244.000	-56.048	
1	245.000	-56.006	
1	246.000	-55.947	
1	247.000	-55.872	
1	248.000	-55.816	
1	249.000	-55.812	
1	250.000	-55.863	
1	251.000	-55.922	
1	252.000	-56.019	
1	253.000	-56.140	
1	254.000	-56.266	
1	255.000	-56.370	
1	256.000	-56.427	
1	257.000	-56.403	
1	258.000	-56.313	
1	259.000	-56.205	
1	260.000	-56.093	
1	261.000	-55.975	
1	262.000	-55.880	
1	263.000	-55.823	
1	264.000	-55.801	
1	265.000	-55.768	
1	266.000	-55.742	
1	267.000	-55.713	
1	268.000	-55.687	
1	269.000	-55.680	
1	270.000	-55.679	
1	271.000	-55.676	
1	272.000	-55.668	
1	273.000	-55.671	
1	274.000	-55.685	
1	275.000	-55.713	
1	276.000	-55.782	
1	277.000	-55.876	
1	278.000	-55.946	
1	279.000	-55.988	
1	280.000	-55.997	
1	281.000	-56.006	
1	282.000	-56.066	
1	283.000	-56.124	
1	284.000	-56.146	
1	285.000	-56.152	
1	286.000	-56.166	
1	287.000	-56.176	
1	288.000	-56.148	
1	289.000	-56.067	
1	290.000	-55.953	
1	291.000	-55.847	
1	292.000	-55.722	
1	293.000	-55.577	
1	294.000	-55.444	
1	295.000	-55.372	
1	296.000	-55.356	
1	297.000	-55.337	
1	298.000	-55.368	
1	299.000	-55.456	
1	300.000	-55.535	
1	301.000	-55.602	
1	302.000	-55.644	
1	303.000	-55.685	
1	304.000	-55.723	
1	305.000	-55.765	
1	306.000	-55.812	
1	307.000	-55.838	
1	308.000	-55.826	
1	309.000	-55.780	
1	310.000	-55.722	
1	311.000	-55.673	
1	312.000	-55.619	
1	313.000	-55.575	
1	314.000	-55.526	
1	315.000	-55.489	
1	316.000	-55.458	
1	317.000	-55.444	
1	318.000	-55.491	
1	319.000	-55.592	
1	320.000	-55.694	
1	321.000	-55.753	
1	322.000	-55.786	
1	323.000	-55.812	
1	324.000	-55.850	
1	325.000	-55.897	
1	326.000	-55.925	
1	327.000	-55.959	
1	328.000	-55.984	
1	329.000	-55.996	
1	330.000	-56.007	
1	331.000	-56.003	
1	332.000	-55.991	
1	333.000	-55.978	
1	334.000	-55.984	
1	335.000	-56.023	
1	336.000	-56.059	
1	337.000	-56.087	
1	338.000	-56.111	
1	339.000	-56.094	
1	340.000	-56.034	
1	341.000	-55.924	
1	342.000	-55.775	
1	343.000	-55.597	
1	344.000	-55.436	
1	345.000	-55.308	
1	346.000	-55.242	
1	347.000	-55.262	
1	348.000	-55.355	
1	349.000	-55.483	
1	350.000	-55.601	
1	351.000	-55.705	
1	352.000	-55.805	
1	353.000	-55.879	
1	354.000	-55.909	
1	355.000	-55.963	
1	356.000	-56.007	
1	357.000	-56.011	
1	358.000	-55.977	
1	359.000	-55.899	
1	360.000	-55.804	
1	361.000	-55.757	
1	362.000	-55.760	
1	363.000	-55.795	
1	364.000	-55.820	
1	365.000	-55.840	
1	366.000	-55.855	
1	367.000	-55.848	
1	368.000	-55.861	
1	369.000	-55.933	
1	370.000	-56.069	
1	371.000	-56.186	
1	372.000	-56.273	
1	373.000	-56.308	
1	374.000	-56.296	
1	375.000	-56.280	
1	376.000	-56.246	
1	377.000	-56.206	
1	378.000	-56.137	
1	379.000	-56.016	
1	380.000	-55.890	
1	381.000	-55.794	
1	382.000	-55.732	
1	383.000	-55.716	
1	384.000	-55.739	
1	385.000	-55.758	
1	386.000	-55.753	
1	387.000	-55.739	
1	388.000	-55.766	
1	389.000	-55.817	
1	390.000	-55.856	
1	391.000	-55.878	
1	392.000	-55.902	
1	393.000	-55.933	
1	394.000	-55.964	
1	395.000	-55.997	
1	396.000	-56.040	
1	397.000	-56.090	
1	398.000	-56.159	
1	399.000	-56.239	
1	400.000	-56.310	
1	401.000	-56.311	
1	402.000	-56.255	
1	403.000	-56.231	
1	404.000	-56.230	
1	405.000	-56.253	
1	406.000	-56.274	
1	407.000	-56.288	
1	408.000	-56.267	
1	409.000	-56.230	
1	410.000	-56.189	
1	411.000	-56.161	
1	412.000	-56.153	
1	413.000	-56.203	
1	414.000	-56.295	
1	415.000	-56.423	
1	416.000	-56.535	
1	417.000	-56.659	
1	418.000	-56.832	
1	419.000	-56.992	
1	420.000	-57.126	
1	421.000	-57.209	
1	422.000	-57.197	
1	423.000	-57.145	
1	424.000	-57.096	
1	425.000	-57.083	
1	426.000	-57.049	
1	427.000	-56.954	
1	428.000	-56.809	
1	429.000	-56.607	
1	430.000	-56.420	
1	431.000	-56.280	
1	432.000	-56.170	
1	433.000	-56.132	
1	434.000	-56.173	
1	435.000	-56.231	
1	436.000	-56.264	
1	437.000	-56.292	
1	438.000	-56.334	
1	439.000	-56.400	
1	440.000	-56.476	
1	441.000	-56.579	
1	442.000	-56.669	
1	443.000	-56.699	
1	444.000	-56.682	
1	445.000	-56.689	
1	446.000	-56.736	
1	447.000	-56.795	
1	448.000	-56.819	
1	449.000	-56.819	
1	450.000	-56.789	
1	451.000	-56.738	
1	452.000	-56.700	
1	453.000	-56.644	
1	454.000	-56.578	
1	455.000	-56.508	
1	456.000	-56.451	
1	457.000	-56.380	
1	458.000	-56.276	
1	459.000	-56.195	
1	460.000	-56.127	
1	461.000	-56.063	
1	462.000	-56.035	
1	463.000	-55.979	
1	464.000	-55.890	
1	465.000	-55.814	
1	466.000	-55.756	
1	467.000	-55.699	
1	468.000	-55.651	
1	469.000	-55.593	
1	470.000	-55.547	
1	471.000	-55.550	
1	472.000	-55.566	
1	473.000	-55.604	
1	474.000	-55.651	
1	475.000	-55.740	
1	476.000	-55.808	
1	477.000	-55.825	
1	478.000	-55.823	
1	479.000	-55.788	
1	480.000	-55.747	
1	481.000	-55.710	
1	482.000	-55.693	
1	483.000	-55.670	
1	484.000	-55.639	
1	485.000	-55.564	
1	486.000	-55.487	
1	487.000	-55.405	
1	488.000	-55.336	
1	489.000	-55.288	
1	490.000	-55.280	
1	491.000	-55.302	
1	492.000	-55.289	
1	493.000	-55.233	
1	494.000	-55.178	
1	495.000	-55.171	
1	496.000	-55.195	
1	497.000	-55.264	
1	498.000	-55.369	
1	499.000	-55.492	
1	500.000	-55.608	
1	501.000	-55.686	
1	502.000	-55.771	
1	503.000	-55.836	
1	504.000	-55.851	
1	505.000	-55.817	
1	506.000	-55.834	
1	507.000	-55.890	
1	508.000	-55.891	
1	509.000	-55.834	
1	510.000	-55.841	
1	511.000	-55.873	
1	512.000	-55.869	
1	513.000	-55.848	
1	514.000	-55.844	
1	515.000	-55.822	
1	516.000	-55.768	
1	517.000	-55.685	
1	518.000	-55.627	
1	519.000	-55.582	
1	520.000	-55.557	
1	521.000	-55.572	
1	522.000	-55.622	
1	523.000	-55.697	
1	524.000	-55.786	
1	525.000	-55.851	
1	526.000	-55.893	
1	527.000	-55.941	
1	528.000	-56.034	
1	529.000	-56.164	
1	530.000	-56.259	
1	531.000	-56.317	
1	532.000	-56.337	
1	533.000	-56.320	
1	534.000	-56.264	
1	535.000	-56.223	
1	536.000	-56.237	
1	537.000	-56.278	
1	538.000	-56.338	
1	539.000	-56.376	
1	540.000	-56.394	
1	541.000	-56.384	
1	542.000	-56.361	
1	543.000	-56.317	
1	544.000	-56.250	
1	545.000	-56.149	
1	546.000	-56.061	
1	547.000	-56.026	
1	548.000	-56.041	
1	549.000	-56.084	
1	550.000	-56.139	
1	551.000	-56.199	
1	552.000	-56.242	
1	553.000	-56.269	
1	554.000	-56.278	
1	555.000	-56.266	
1	556.000	-56.260	
1	557.000	-56.231	
1	558.000	-56.148	
1	559.000	-56.046	
1	560.000	-55.990	
1	561.000	-55.961	
1	562.000	-55.934	
1	563.000	-55.897	
1	564.000	-55.875	
1	565.000	-55.885	
1	566.000	-55.905	
1	567.000	-55.936	
1	568.000	-55.978	
1	569.000	-55.999	
1	570.000	-56.009	
1	571.000	-56.025	
1	572.000	-56.044	
1	573.000	-56.049	
1	574.000	-56.021	
1	575.000	-55.977	
1	576.000	-55.908	
1	577.000	-55.835	
1	578.000	-55.773	
1	579.000	-55.691	
1	580.000	-55.602	
1	581.000	-55.481	
1	582.000	-55.372	
1	583.000	-55.291	
1	584.000	-55.233	
1	585.000	-55.209	
1	586.000	-55.210	
1	587.000	-55.203	
1	588.000	-55.210	
1	589.000	-55.261	
1	590.000	-55.287	
1	591.000	-55.259	
1	592.000	-55.234	
1	593.000	-55.225	
1	594.000	-55.204	
1	595.000	-55.204	
1	596.000	-55.222	
1	597.000	-55.220	
1	598.000	-55.168	
1	599.000	-55.119	
1	600.000	-55.094	
1	601.000	-55.121	
1	602.000	-55.183	
1	603.000	-55.286	
1	604.000	-55.390	
1	605.000	-55.460	
1	606.000	-55.508	
1	607.000	-55.533	
1	608.000	-55.555	
1	609.000	-55.582	
1	610.000	-55.578	
1	611.000	-55.578	
1	612.000	-55.568	
1	613.000	-55.553	
1	614.000	-55.554	
1	615.000	-55.589	
1	616.000	-55.656	
1	617.000	-55.728	
1	618.000	-55.778	
1	619.000	-55.851	
1	620.000	-55.966	
1	621.000	-56.102	
1	622.000	-56.229	
1	623.000	-56.314	
1	624.000	-56.359	
1	625.000	-56.367	
1	626.000	-56.336	
1	627.000	-56.250	
1	628.000	-56.103	
1	629.000	-55.921	
1	630.000	-55.773	
1	631.000	-55.663	
1	632.000	-55.614	
1	633.000	-55.588	
1	634.000	-55.612	
1	635.000	-55.639	
1	636.000	-55.649	
1	637.000	-55.644	
1	638.000	-55.651	
1	639.000	-55.655	
1	640.000	-55.642	
1	641.000	-55.621	
1	642.000	-55.635	
1	643.000	-55.669	
1	644.000	-55.707	
1	645.000	-55.744	
1	646.000	-55.811	
1	647.000	-55.907	
1	648.000	-55.993	
1	649.000	-56.046	
1	650.000	-56.078	
1	651.000	-56.087	
1	652.000	-56.082	
1	653.000	-56.056	
1	654.000	-55.982	
1	655.000	-55.926	
1	656.000	-55.899	
1	657.000	-55.894	
1	658.000	-55.855	
1	659.000	-55.820	
1	660.000	-55.811	
1	661.000	-55.802	
1	662.000	-55.800	
1	663.000	-55.779	
1	664.000	-55.723	
1	665.000	-55.695	
1	666.000	-55.688	
1	667.000	-55.681	
1	668.000	-55.655	
1	669.000	-55.671	
1	670.000	-55.685	
1	671.000	-55.682	
1	672.000	-55.671	
1	673.000	-55.639	
1	674.000	-55.655	
1	675.000	-55.680	
1	676.000	-55.702	
1	677.000	-55.746	
1	678.000	-55.800	
1	679.000	-55.857	
1	680.000	-55.940	
1	681.000	-56.058	
1	682.000	-56.182	
1	683.000	-56.274	
1	684.000	-56.337	
1	685.000	-56.355	
1	686.000	-56.335	
1	687.000	-56.279	
1	688.000	-56.190	
1	689.000	-56.081	
1	690.000	-55.943	
1	691.000	-55.844	
1	692.000	-55.800	
1	693.000	-55.777	
1	694.000	-55.790	
1	695.000	-55.810	
1	696.000	-55.791	
1	697.000	-55.758	
1	698.000	-55.749	
1	699.000	-55.786	
1	700.000	-55.855	
1	701.000	-55.937	
1	702.000	-55.984	
1	703.000	-56.033	
1	704.000	-56.049	
1	705.000	-56.023	
1	706.000	-55.976	
1	707.000	-55.892	
1	708.000	-55.761	
1	709.000	-55.651	
1	710.000	-55.590	
1	711.000	-55.568	
1	712.000	-55.564	
1	713.000	-55.577	
1	714.000	-55.559	
1	715.000	-55.519	
1	716.000	-55.490	
1	717.000	-55.485	
1	718.000	-55.511	
1	719.000	-55.536	
1	720.000	-55.565	
1	721.000	-55.589	
1	722.000	-55.617	
1	723.000	-55.658	
1	724.000	-55.683	
1	725.000	-55.645	
1	726.000	-55.569	
1	727.000	-55.508	
1	728.000	-55.491	
1	729.000	-55.479	
1	730.000	-55.420	
1	731.000	-55.342	
1	732.000	-55.299	
1	733.000	-55.283	
1	734.000	-55.272	
1	735.000	-55.276	
1	736.000	-55.291	
1	737.000	-55.309	
1	738.000	-55.355	
1	739.000	-55.401	
1	740.000	-55.459	
1	741.000	-55.515	
1	742.000	-55.529	
1	743.000	-55.551	
1	744.000	-55.613	
1	745.000	-55.712	
1	746.000	-55.794	
1	747.000	-55.869	
1	748.000	-55.981	
1	749.000	-56.114	
1	750.000	-56.261	
1	751.000	-56.415	
1	752.000	-56.546	
1	753.000	-56.627	
1	754.000	-56.672	
1	755.000	-56.687	
1	756.000	-56.677	
1	757.000	-56.655	
1	758.000	-56.632	
1	759.000	-56.609	
1	760.000	-56.607	
1	761.000	-56.599	
1	762.000	-56.532	
1	763.000	-56.441	
1	764.000	-56.350	
1	765.000	-56.270	
1	766.000	-56.199	
1	767.000	-56.104	
1	768.000	-56.009	
1	769.000	-55.924	
1	770.000	-55.876	
1	771.000	-55.865	
1	772.000	-55.892	
1	773.000	-55.926	
1	774.000	-55.956	
1	775.000	-55.958	
1	776.000	-55.940	
1	777.000	-55.919	
1	778.000	-55.906	
1	779.000	-55.886	
1	780.000	-55.877	
1	781.000	-55.858	
1	782.000	-55.770	
1	783.000	-55.681	
1	784.000	-55.639	
1	785.000	-55.652	
1	786.000	-55.701	
1	787.000	-55.763	
1	788.000	-55.859	
1	789.000	-55.961	
1	790.000	-56.050	
1	791.000	-56.108	
1	792.000	-56.145	
1	793.000	-56.161	
1	794.000	-56.182	
1	795.000	-56.233	
1	796.000	-56.286	
1	797.000	-56.323	
1	798.000	-56.329	
1	799.000	-56.284	
1	800.000	-56.226	
1	801.000	-56.193	
1	802.000	-56.173	
1	803.000	-56.190	
1	804.000	-56.222	
1	805.000	-56.257	
1	806.000	-56.290	
1	807.000	-56.332	
1	808.000	-56.381	
1	809.000	-56.429	
1	810.000	-56.482	
1	811.000	-56.518	
1	812.000	-56.530	
1	813.000	-56.529	
1	814.000	-56.518	
1	815.000	-56.480	
1	816.000	-56.444	
1	817.000	-56.446	
1	818.000	-56.495	
1	819.000	-56.548	
1	820.000	-56.581	
1	821.000	-56.532	
1	822.000	-56.398	
1	823.000	-56.219	
1	824.000	-56.031	
1	825.000	-55.844	
1	826.000	-55.694	
1	827.000	-55.609	
1	828.000	-55.547	
1	829.000	-55.467	
1	830.000	-55.368	
1	831.000	-55.285	
1	832.000	-55.238	
1	833.000	-55.193	
1	834.000	-55.160	
1	835.000	-55.142	
1	836.000	-55.109	
1	837.000	-55.098	
1	838.000	-55.102	
1	839.000	-55.116	
1	840.000	-55.128	
1	841.000	-55.112	
1	842.000	-55.089	
1	843.000	-55.129	
1	844.000	-55.213	
1	845.000	-55.330	
1	846.000	-55.452	
1	847.000	-55.531	
1	848.000	-55.560	
1	849.000	-55.550	
1	850.000	-55.502	
1	851.000	-55.434	
1	852.000	-55.384	
1	853.000	-55.381	
1	854.000	-55.406	
1	855.000	-55.443	
1	856.000	-55.492	
1	857.000	-55.519	
1	858.000	-55.578	
1	859.000	-55.658	
1	860.000	-55.724	
1	861.000	-55.762	
1	862.000	-55.748	
1	863.000	-55.722	
1	864.000	-55.731	
1	865.000	-55.737	
1	866.000	-55.760	
1	867.000	-55.803	
1	868.000	-55.827	
1	869.000	-55.826	
1	870.000	-55.801	
1	871.000	-55.773	
1	872.000	-55.778	
1	873.000	-55.811	
1	874.000	-55.849	
1	875.000	-55.884	
1	876.000	-55.899	
1	877.000	-55.900	
1	878.000	-55.891	
1	879.000	-55.905	
1	880.000	-55.972	
1	881.000	-56.049	
1	882.000	-56.138	
1	883.000	-56.225	
1	884.000	-56.302	
1	885.000	-56.344	
1	886.000	-56.340	
1	887.000	-56.303	
1	888.000	-56.250	
1	889.000	-56.157	
1	890.000	-56.044	
1	891.000	-55.953	
1	892.000	-55.915	
1	893.000	-55.947	
1	894.000	-56.013	
1	895.000	-56.087	
1	896.000	-56.110	
1	897.000	-56.057	
1	898.000	-55.993	
1	899.000	-55.950	
1	900.000	-55.922	
1	901.000	-55.912	
1	902.000	-55.910	
1	903.000	-55.925	
1	904.000	-55.945	
1	905.000	-55.962	
1	906.000	-55.951	
1	907.000	-55.921	
1	908.000	-55.820	
1	909.000	-55.702	
1	910.000	-55.595	
1	911.000	-55.523	
1	912.000	-55.476	
1	913.000	-55.441	
1	914.000	-55.439	
1	915.000	-55.491	
1	916.000	-55.562	
1	917.000	-55.648	
1	918.000	-55.722	
1	919.000	-55.749	
1	920.000	-55.720	
1	921.000	-55.666	
1	922.000	-55.593	
1	923.000	-55.557	
1	924.000	-55.528	
1	925.000	-55.489	
1	926.000	-55.475	
1	927.000	-55.472	
1	928.000	-55.515	
1	929.000	-55.596	
1	930.000	-55.704	
1	931.000	-55.813	
1	932.000	-55.890	
1	933.000	-55.918	
1	934.000	-55.896	
1	935.000	-55.874	
1	936.000	-55.875	
1	937.000	-55.906	
1	938.000	-55.905	
1	939.000	-55.828	
1	940.000	-55.728	
1	941.000	-55.644	
1	942.000	-55.623	
1	943.000	-55.643	
1	944.000	-55.681	
1	945.000	-55.743	
1	946.000	-55.824	
1	947.000	-55.933	
1	948.000	-56.024	
1	949.000	-56.053	
1	950.000	-56.020	
1	951.000	-55.968	
1	952.000	-55.918	
1	953.000	-55.876	
1	954.000	-55.833	
1	955.000	-55.802	
1	956.000	-55.768	
1	957.000	-55.726	
1	958.000	-55.691	
1	959.000	-55.670	
1	960.000	-55.669	
1	961.000	-55.682	
1	962.000	-55.728	
1	963.000	-55.819	
1	964.000	-55.908	
1	965.000	-55.988	
1	966.000	-56.080	
1	967.000	-56.165	
1	968.000	-56.249	
1	969.000	-56.338	
1	970.000	-56.399	
1	971.000	-56.407	
1	972.000	-56.380	
1	973.000	-56.376	
1	974.000	-56.392	
1	975.000	-56.423	
1	976.000	-56.437	
1	977.000	-56.448	
1	978.000	-56.474	
1	979.000	-56.484	
1	980.000	-56.455	
1	981.000	-56.390	
1	982.000	-56.285	
1	983.000	-56.208	
1	984.000	-56.194	
1	985.000	-56.207	
1	986.000	-56.227	
1	987.000	-56.225	
1	988.000	-56.224	
1	989.000	-56.196	
1	990.000	-56.148	
1	991.000	-56.137	
1	992.000	-56.152	
1	993.000	-56.165	
1	994.000	-56.192	
1	995.000	-56.280	
1	996.000	-56.394	
1	997.000	-56.492	
1	998.000	-56.535	
1	999.000	-56.519	
1	1000.000	-56.473	
1	1001.000	-56.406	
1	1002.000	-56.346	
1	1003.000	-56.299	
1	1004.000	-56.261	
1	1005.000	-56.252	
1	1006.000	-56.230	
1	1007.000	-56.190	
1	1008.000	-56.128	
1	1009.000	-56.059	
1	1010.000	-55.976	
1	1011.000	-55.896	
1	1012.000	-55.815	
1	1013.000	-55.758	
1	1014.000	-55.744	
1	1015.000	-55.745	
1	1016.000	-55.719	
1	1017.000	-55.669	
1	1018.000	-55.584	
1	1019.000	-55.481	
1	1020.000	-55.410	
1	1021.000	-55.343	
1	1022.000	-55.250	
1	1023.000	-55.171	
1	1024.000	-55.125	
1	1025.000	-55.134	
1	1026.000	-55.193	
1	1027.000	-55.247	
1	1028.000	-55.287	
1	1029.000	-55.344	
1	1030.000	-55.446	
1	1031.000	-55.597	
1	1032.000	-55.768	
1	1033.000	-55.909	
1	1034.000	-55.979	
1	1035.000	-55.983	
1	1036.000	-55.975	
1	1037.000	-55.977	
1	1038.000	-56.052	
1	1039.000	-56.151	
1	1040.000	-56.228	
1	1041.000	-56.323	
1	1042.000	-56.412	
1	1043.000	-56.477	
1	1044.000	-56.532	
1	1045.000	-56.569	
1	1046.000	-56.583	
1	1047.000	-56.600	
1	1048.000	-56.625	
1	1049.000	-56.634	
1	1050.000	-56.644	
1	1051.000	-56.641	
1	1052.000	-56.596	
1	1053.000	-56.505	
1	1054.000	-56.390	
1	1055.000	-56.297	
1	1056.000	-56.236	
1	1057.000	-56.149	
1	1058.000	-56.028	
1	1059.000	-55.919	
1	1060.000	-55.853	
1	1061.000	-55.838	
1	1062.000	-55.867	
1	1063.000	-55.903	
1	1064.000	-55.913	
1	1065.000	-55.903	
1	1066.000	-55.890	
1	1067.000	-55.843	
1	1068.000	-55.795	
1	1069.000	-55.751	
1	1070.000	-55.688	
1	1071.000	-55.621	
1	1072.000	-55.617	
1	1073.000	-55.675	
1	1074.000	-55.737	
1	1075.000	-55.778	
1	1076.000	-55.791	
1	1077.000	-55.787	
1	1078.000	-55.823	
1	1079.000	-55.854	
1	1080.000	-55.822	
1	1081.000	-55.746	
1	1082.000	-55.679	
1	1083.000	-55.603	
1	1084.000	-55.533	
1	1085.000	-55.491	
1	1086.000	-55.506	
1	1087.000	-55.570	
1	1088.000	-55.598	
1	1089.000	-55.573	
1	1090.000	-55.515	
1	1091.000	-55.423	
1	1092.000	-55.348	
1	1093.000	-55.338	
1	1094.000	-55.383	
1	1095.000	-55.443	
1	1096.000	-55.519	
1	1097.000	-55.586	
1	1098.000	-55.657	
1	1099.000	-55.761	
1	1100.000	-55.856	
1	1101.000	-55.895	
1	1102.000	-55.906	
1	1103.000	-55.892	
1	1104.000	-55.849	
1	1105.000	-55.757	
1	1106.000	-55.658	
1	1107.000	-55.604	
1	1108.000	-55.593	
1	1109.000	-55.609	
1	1110.000	-55.643	
1	1111.000	-55.692	
1	1112.000	-55.717	
1	1113.000	-55.723	
1	1114.000	-55.717	
1	1115.000	-55.736	
1	1116.000	-55.763	
1	1117.000	-55.808	
1	1118.000	-55.833	
1	1119.000	-55.855	
1	1120.000	-55.879	
1	1121.000	-55.897	
1	1122.000	-55.911	
1	1123.000	-55.946	
1	1124.000	-55.967	
1	1125.000	-55.966	
1	1126.000	-55.967	
1	1127.000	-55.970	
1	1128.000	-56.007	
1	1129.000	-56.043	
1	1130.000	-56.071	
1	1131.000	-56.071	
1	1132.000	-56.064	
1	1133.000	-56.050	
1	1134.000	-56.049	
1	1135.000	-56.019	
1	1136.000	-55.956	
1	1137.000	-55.877	
1	1138.000	-55.853	
1	1139.000	-55.922	
1	1140.000	-56.031	
1	1141.000	-56.116	
1	1142.000	-56.180	
1	1143.000	-56.205	
1	1144.000	-56.196	
1	1145.000	-56.123	
1	1146.000	-55.987	
1	1147.000	-55.855	
1	1148.000	-55.781	
1	1149.000	-55.750	
1	1150.000	-55.770	
1	1151.000	-55.795	
1	1152.000	-55.817	
1	1153.000	-55.842	
1	1154.000	-55.893	
1	1155.000	-55.995	
1	1156.000	-56.127	
1	1157.000	-56.256	
1	1158.000	-56.368	
1	1159.000	-56.479	
1	1160.000	-56.566	
1	1161.000	-56.607	
1	1162.000	-56.602	
1	1163.000	-56.560	
1	1164.000	-56.520	
1	1165.000	-56.482	
1	1166.000	-56.416	
1	1167.000	-56.361	
1	1168.000	-56.349	
1	1169.000	-56.346	
1	1170.000	-56.339	
1	1171.000	-56.331	
1	1172.000	-56.293	
1	1173.000	-56.204	
1	1174.000	-56.118	
1	1175.000	-56.033	
1	1176.000	-55.944	
1	1177.000	-55.912	
1	1178.000	-55.957	
1	1179.000	-55.990	
1	1180.000	-55.982	
1	1181.000	-55.954	
1	1182.000	-55.938	
1	1183.000	-55.958	
1	1184.000	-56.032	
1	1185.000	-56.092	
1	1186.000	-56.153	
1	1187.000	-56.217	
1	1188.000	-56.252	
1	1189.000	-56.214	
1	1190.000	-56.131	
1	1191.000	-56.058	
1	1192.000	-56.008	
1	1193.000	-55.958	
1	1194.000	-55.917	
1	1195.000	-55.872	
1	1196.000	-55.834	
1	1197.000	-55.780	
1	1198.000	-55.720	
1	1199.000	-55.671	
1	1200.000	-55.616	
1	1201.000	-55.588	
1	1202.000	-55.543	
1	1203.000	-55.454	
1	1204.000	-55.355	
1	1205.000	-55.278	
1	1206.000	-55.197	
1	1207.000	-55.144	
1	1208.000	-55.106	
1	1209.000	-55.082	
1	1210.000	-55.086	
1	1211.000	-55.132	
1	1212.000	-55.198	
1	1213.000	-55.250	
1	1214.000	-55.281	
1	1215.000	-55.310	
1	1216.000	-55.372	
1	1217.000	-55.455	
1	1218.000	-55.562	
1	1219.000	-55.686	
1	1220.000	-55.771	
1	1221.000	-55.807	
1	1222.000	-55.842	
1	1223.000	-55.891	
1	1224.000	-55.965	
1	1225.000	-56.042	
1	1226.000	-56.103	
1	1227.000	-56.135	
1	1228.000	-56.134	
1	1229.000	-56.147	
1	1230.000	-56.155	
1	1231.000	-56.134	
1	1232.000	-56.073	
1	1233.000	-56.022	
1	1234.000	-56.007	
1	1235.000	-56.010	
1	1236.000	-56.006	
1	1237.000	-55.979	
1	1238.000	-55.947	
1	1239.000	-55.937	
1	1240.000	-55.899	
1	1241.000	-55.837	
1	1242.000	-55.800	
1	1243.000	-55.792	
1	1244.000	-55.837	
1	1245.000	-55.929	
1	1246.000	-56.034	
1	1247.000	-56.093	
1	1248.000	-56.093	
1	1249.000	-56.072	
1	1250.000	-56.051	
1	1251.000	-55.989	
1	1252.000	-55.907	
1	1253.000	-55.859	
1	1254.000	-55.819	
1	1255.000	-55.745	
1	1256.000	-55.660	
1	1257.000	-55.598	
1	1258.000	-55.522	
1	1259.000	-55.451	
1	1260.000	-55.422	
1	1261.000	-55.421	
1	1262.000	-55.391	
1	1263.000	-55.339	
1	1264.000	-55.313	
1	1265.000	-55.325	
1	1266.000	-55.349	
1	1267.000	-55.385	
1	1268.000	-55.420	
1	1269.000	-55.446	
1	1270.000	-55.492	
1	1271.000	-55.571	
1	1272.000	-55.675	
1	1273.000	-55.760	
1	1274.000	-55.805	
1	1275.000	-55.833	
1	1276.000	-55.850	
1	1277.000	-55.884	
1	1278.000	-55.931	
1	1279.000	-55.974	
1	1280.000	-56.012	
1	1281.000	-56.035	
1	1282.000	-56.068	
1	1283.000	-56.084	
1	1284.000	-56.084	
1	1285.000	-56.096	
1	1286.000	-56.126	
1	1287.000	-56.159	
1	1288.000	-56.232	
1	1289.000	-56.325	
1	1290.000	-56.399	
1	1291.000	-56.465	
1	1292.000	-56.490	
1	1293.000	-56.470	
1	1294.000	-56.426	
1	1295.000	-56.360	
1	1296.000	-56.285	
1	1297.000	-56.205	
1	1298.000	-56.167	
1	1299.000	-56.166	
1	1300.000	-56.147	
1	1301.000	-56.051	
1	1302.000	-55.846	
1	1303.000	-55.627	
1	1304.000	-55.422	
1	1305.000	-55.282	
1	1306.000	-55.178	
1	1307.000	-55.120	
1	1308.000	-55.079	
1	1309.000	-55.045	
1	1310.000	-55.088	
1	1311.000	-55.206	
1	1312.000	-55.322	
1	1313.000	-55.379	
1	1314.000	-55.361	
1	1315.000	-55.272	
1	1316.000	-55.150	
1	1317.000	-55.057	
1	1318.000	-55.026	
1	1319.000	-55.062	
1	1320.000	-55.126	
1	1321.000	-55.184	
1	1322.000	-55.210	
1	1323.000	-55.231	
1	1324.000	-55.301	
1	1325.000	-55.401	
1	1326.000	-55.501	
1	1327.000	-55.528	
1	1328.000	-55.522	
1	1329.000	-55.505	
1	1330.000	-55.483	
1	1331.000	-55.475	
1	1332.000	-55.532	
1	1333.000	-55.666	
1	1334.000	-55.793	
1	1335.000	-55.900	
1	1336.000	-55.974	
1	1337.000	-56.042	
1	1338.000	-56.124	
1	1339.000	-56.181	
1	1340.000	-56.207	
1	1341.000	-56.229	
1	1342.000	-56.263	
1	1343.000	-56.279	
1	1344.000	-56.304	
1	1345.000	-56.352	
1	1346.000	-56.438	
1	1347.000	-56.536	
1	1348.000	-56.606	
1	1349.000	-56.646	
1	1350.000	-56.629	
1	1351.000	-56.568	
1	1352.000	-56.498	
1	1353.000	-56.412	
1	1354.000	-56.364	
1	1355.000	-56.367	
1	1356.000	-56.362	
1	1357.000	-56.317	
1	1358.000	-56.263	
1	1359.000	-56.199	
1	1360.000	-56.179	
1	1361.000	-56.214	
1	1362.000	-56.250	
1	1363.000	-56.256	
1	1364.000	-56.263	
1	1365.000	-56.260	
1	1366.000	-56.245	
1	1367.000	-56.197	
1	1368.000	-56.119	
1	1369.000	-56.013	
1	1370.000	-55.898	
1	1371.000	-55.799	
1	1372.000	-55.717	
1	1373.000	-55.629	
1	1374.000	-55.557	
1	1375.000	-55.531	
1	1376.000	-55.577	
1	1377.000	-55.698	
1	1378.000	-55.804	
1	1379.000	-55.858	
1	1380.000	-55.883	
1	1381.000	-55.889	
1	1382.000	-55.882	
1	1383.000	-55.890	
1	1384.000	-55.945	
1	1385.000	-56.040	
1	1386.000	-56.143	
1	1387.000	-56.240	
1	1388.000	-56.308	
1	1389.000	-56.317	
1	1390.000	-56.274	
1	1391.000	-56.164	
1	1392.000	-56.049	
1	1393.000	-56.007	
1	1394.000	-56.024	
1	1395.000	-56.043	
1	1396.000	-56.067	
1	1397.000	-56.097	
1	1398.000	-56.134	
1	1399.000	-56.182	
1	1400.000	-56.278	
1	1401.000	-56.407	
1	1402.000	-56.486	
1	1403.000	-56.501	
1	1404.000	-56.490	
1	1405.000	-56.437	
1	1406.000	-56.377	
1	1407.000	-56.347	
1	1408.000	-56.295	
1	1409.000	-56.228	
1	1410.000	-56.156	
1	1411.000	-56.118	
1	1412.000	-56.142	
1	1413.000	-56.210	
1	1414.000	-56.339	
1	1415.000	-56.485	
1	1416.000	-56.647	
1	1417.000	-56.787	
1	1418.000	-56.898	
1	1419.000	-56.999	
1	1420.000	-57.069	
1	1421.000	-57.109	
1	1422.000	-57.127	
1	1423.000	-57.106	
1	1424.000	-57.023	
1	1425.000	-56.929	
1	1426.000	-56.767	
1	1427.000	-56.569	
1	1428.000	-56.344	
1	1429.000	-56.128	
1	1430.000	-55.969	
1	1431.000	-55.876	
1	1432.000	-55.820	
1	1433.000	-55.806	
1	1434.000	-55.813	
1	1435.000	-55.808	
1	1436.000	-55.800	
1	1437.000	-55.796	
1	1438.000	-55.769	
1	1439.000	-55.725	
1	1440.000	-55.685	
1	1441.000	-55.678	
1	1442.000	-55.680	
1	1443.000	-55.679	
1	1444.000	-55.686	
1	1445.000	-55.725	
1	1446.000	-55.754	
1	1447.000	-55.791	
1	1448.000	-55.824	
1	1449.000	-55.850	
1	1450.000	-55.878	
1	1451.000	-55.902	
1	1452.000	-55.908	
1	1453.000	-55.875	
1	1454.000	-55.852	
1	1455.000	-55.846	
1	1456.000	-55.872	
1	1457.000	-55.886	
1	1458.000	-55.917	
1	1459.000	-55.952	
1	1460.000	-55.971	
1	1461.000	-55.977	
1	1462.000	-55.975	
1	1463.000	-55.967	
1	1464.000	-55.954	
1	1465.000	-55.942	
1	1466.000	-55.883	
1	1467.000	-55.769	
1	1468.000	-55.661	
1	1469.000	-55.605	
1	1470.000	-55.564	
1	1471.000	-55.549	
1	1472.000	-55.529	
1	1473.000	-55.473	
1	1474.000	-55.418	
1	1475.000	-55.382	
1	1476.000	-55.357	
1	1477.000	-55.342	
1	1478.000	-55.326	
1	1479.000	-55.323	
1	1480.000	-55.316	
1	1481.000	-55.314	
1	1482.000	-55.338	
1	1483.000	-55.362	
1	1484.000	-55.370	
1	1485.000	-55.387	
1	1486.000	-55.427	
1	1487.000	-55.466	
1	1488.000	-55.506	
1	1489.000	-55.504	
1	1490.000	-55.476	
1	1491.000	-55.481	
1	1492.000	-55.493	
1	1493.000	-55.511	
1	1494.000	-55.549	
1	1495.000	-55.605	
1	1496.000	-55.679	
1	1497.000	-55.706	
1	1498.000	-55.686	
1	1499.000	-55.634	
1	1500.000	-55.574	
1	1501.000	-55.549	
1	1502.000	-55.509	
1	1503.000	-55.432	
1	1504.000	-55.393	
1	1505.000	-55.403	
1	1506.000	-55.428	
1	1507.000	-55.459	
1	1508.000	-55.489	
1	1509.000	-55.535	
1	1510.000	-55.580	
1	1511.000	-55.621	
1	1512.000	-55.660	
1	1513.000	-55.651	
1	1514.000	-55.628	
1	1515.000	-55.586	
1	1516.000	-55.574	
1	1517.000	-55.604	
1	1518.000	-55.679	
1	1519.000	-55.744	
1	1520.000	-55.781	
1	1521.000	-55.824	
1	1522.000	-55.866	
1	1523.000	-55.912	
1	1524.000	-55.946	
1	1525.000	-55.960	
1	1526.000	-55.943	
1	1527.000	-55.916	
1	1528.000	-55.923	
1	1529.000	-55.960	
1	1530.000	-55.984	
1	1531.000	-55.974	
1	1532.000	-55.961	
1	1533.000	-55.966	
1	1534.000	-55.969	
1	1535.000	-55.956	
1	1536.000	-55.912	
1	1537.000	-55.887	
1	1538.000	-55.891	
1	1539.000	-55.884	
1	1540.000	-55.837	
1	1541.000	-55.784	
1	1542.000	-55.745	
1	1543.000	-55.749	
1	1544.000	-55.790	
1	1545.000	-55.831	
1	1546.000	-55.835	
1	1547.000	-55.809	
1	1548.000	-55.769	
1	1549.000	-55.742	
1	1550.000	-55.738	
1	1551.000	-55.760	
1	1552.000	-55.825	
1	1553.000	-55.870	
1	1554.000	-55.867	
1	1555.000	-55.843	
1	1556.000	-55.802	
1	1557.000	-55.793	
1	1558.000	-55.803	
1	1559.000	-55.820	
1	1560.000	-55.815	
1	1561.000	-55.778	
1	1562.000	-55.714	
1	1563.000	-55.641	
1	1564.000	-55.550	
1	1565.000	-55.473	
1	1566.000	-55.413	
1	1567.000	-55.399	
1	1568.000	-55.420	
1	1569.000	-55.478	
1	1570.000	-55.585	
1	1571.000	-55.746	
1	1572.000	-55.929	
1	1573.000	-56.079	
1	1574.000	-56.195	
1	1575.000	-56.270	
1	1576.000	-56.315	
1	1577.000	-56.326	
1	1578.000	-56.339	
1	1579.000	-56.351	
1	1580.000	-56.348	
1	1581.000	-56.289	
1	1582.000	-56.209	
1	1583.000	-56.147	
1	1584.000	-56.105	
1	1585.000	-56.078	
1	1586.000	-56.046	
1	1587.000	-55.987	
1	1588.000	-55.916	
1	1589.000	-55.891	
1	1590.000	-55.896	
1	1591.000	-55.851	
1	1592.000	-55.732	
1	1593.000	-55.590	
1	1594.000	-55.471	
1	1595.000	-55.399	
1	1596.000	-55.357	
1	1597.000	-55.334	
1	1598.000	-55.364	
1	1599.000	-55.402	
1	1600.000	-55.442	
1	1601.000	-55.470	
1	1602.000	-55.491	
1	1603.000	-55.492	
1	1604.000	-55.488	
1	1605.000	-55.522	
1	1606.000	-55.553	
1	1607.000	-55.537	
1	1608.000	-55.494	
1	1609.000	-55.418	
1	1610.000	-55.312	
1	1611.000	-55.161	
1	1612.000	-55.037	
1	1613.000	-70.000	
1	1614.000	-70.000	
1	1615.000	-69.271	
1	1616.000	-67.937	
1	1617.000	-66.783	
1	1618.000	-65.770	
1	1619.000	-64.853	
1	1620.000	-63.990	
1	1621.000	-63.187	
1	1622.000	-62.403	
1	1623.000	-61.667	
1	1624.000	-61.016	
1	1625.000	-60.455	
1	1626.000	-59.982	
1	1627.000	-59.581	
1	1628.000	-59.241	
1	1629.000	-58.939	
1	1630.000	-58.674	
1	1631.000	-58.394	
1	1632.000	-58.123	
1	1633.000	-57.827	
1	1634.000	-57.524	
1	1635.000	-57.272	
1	1636.000	-57.055	
1	1637.000	-56.862	
1	1638.000	-56.699	
1	1639.000	-56.534	
1	1640.000	-56.374	
1	1641.000	-56.213	
1	1642.000	-56.084	
1	1643.000	-55.964	
1	1644.000	-55.805	
1	1645.000	-55.626	
1	1646.000	-55.425	
1	1647.000	-55.215	
1	1648.000	-55.018	
1	1649.000	-70.000	
1	1650.000	-70.000	
1	1651.000	-68.541	
1	1652.000	-67.127	
1	1653.000	-65.918	
1	1654.000	-64.884	
1	1655.000	-63.991	
1	1656.000	-63.220	
1	1657.000	-62.552	
1	1658.000	-61.960	
1	1659.000	-61.441	
1	1660.000	-60.991	
1	1661.000	-60.633	
1	1662.000	-60.330	
1	1663.000	-60.043	
1	1664.000	-59.769	
1	1665.000	-59.471	
1	1666.000	-59.139	
1	1667.000	-58.820	
1	1668.000	-58.523	
1	1669.000	-58.251	
1	1670.000	-58.022	
1	1671.000	-57.854	
1	1672.000	-57.715	
1	1673.000	-57.568	
1	1674.000	-57.408	
1	1675.000	-57.258	
1	1676.000	-57.125	
1	1677.000	-57.043	
1	1678.000	-57.012	
1	1679.000	-57.027	
1	1680.000	-57.025	
1	1681.000	-56.995	
1	1682.000	-56.907	
1	1683.000	-56.798	
1	1684.000	-56.679	
1	1685.000	-56.580	
1	1686.000	-56.498	
1	1687.000	-56.407	
1	1688.000	-56.353	
1	1689.000	-56.310	
1	1690.000	-56.233	
1	1691.000	-56.142	
1	1692.000	-56.081	
1	1693.000	-56.014	
1	1694.000	-55.939	
1	1695.000	-55.881	
1	1696.000	-55.863	
1	1697.000	-55.858	
1	1698.000	-55.855	
1	1699.000	-55.862	
1	1700.000	-55.885	
1	1701.000	-55.927	
1	1702.000	-55.951	
1	1703.000	-55.977	
1	1704.000	-56.047	
1	1705.000	-56.114	
1	1706.000	-56.175	
1	1707.000	-56.246	
1	1708.000	-56.269	
1	1709.000	-56.236	
1	1710.000	-56.145	
1	1711.000	-56.059	
1	1712.000	-56.009	
1	1713.000	-55.962	
1	1714.000	-55.904	
1	1715.000	-55.859	
1	1716.000	-55.861	
1	1717.000	-55.890	
1	1718.000	-55.908	
1	1719.000	-55.910	
1	1720.000	-55.879	
1	1721.000	-55.810	
1	1722.000	-55.715	
1	1723.000	-55.583	
1	1724.000	-55.456	
1	1725.000	-55.367	
1	1726.000	-55.271	
1	1727.000	-55.211	
1	1728.000	-55.171	
1	1729.000	-55.123	
1	1730.000	-55.084	
1	1731.000	-55.056	
1	1732.000	-55.023	
1	1733.000	-70.000	
1	1734.000	-70.000	
1	1735.000	-69.858	
1	1736.000	-68.542	
1	1737.000	-67.405	
1	1738.000	-66.406	
1	1739.000	-65.528	
1	1740.000	-64.722	
1	1741.000	-63.979	
1	1742.000	-63.315	
1	1743.000	-62.728	
1	1744.000	-62.219	
1	1745.000	-61.761	
1	1746.000	-61.355	
1	1747.000	-60.976	
1	1748.000	-60.567	
1	1749.000	-60.149	
1	1750.000	-59.726	
1	1751.000	-59.315	
1	1752.000	-58.928	
1	1753.000	-58.606	
1	1754.000	-58.368	
1	1755.000	-58.204	
1	1756.000	-58.085	
1	1757.000	-57.952	
1	1758.000	-57.840	
1	1759.000	-57.767	
1	1760.000	-57.688	
1	1761.000	-57.593	
1	1762.000	-57.462	
1	1763.000	-57.300	
1	1764.000	-57.121	
1	1765.000	-56.927	
1	1766.000	-56.683	
1	1767.000	-56.452	
1	1768.000	-56.272	
1	1769.000	-56.140	
1	1770.000	-56.012	
1	1771.000	-55.894	
1	1772.000	-55.784	
1	1773.000	-55.684	
1	1774.000	-55.630	
1	1775.000	-55.648	
1	1776.000	-55.710	
1	1777.000	-55.760	
1	1778.000	-55.769	
1	1779.000	-55.751	
1	1780.000	-55.715	
1	1781.000	-55.629	
1	1782.000	-55.569	
1	1783.000	-55.550	
1	1784.000	-55.537	
1	1785.000	-55.517	
1	1786.000	-55.510	
1	1787.000	-55.494	
1	1788.000	-55.517	
1	1789.000	-55.577	
1	1790.000	-55.633	
1	1791.000	-55.666	
1	1792.000	-55.665	
1	1793.000	-55.688	
1	1794.000	-55.713	
1	1795.000	-55.746	
1	1796.000	-55.797	
1	1797.000	-55.869	
1	1798.000	-55.927	
1	1799.000	-55.930	
1	1800.000	-55.934	
1	1801.000	-55.968	
1	1802.000	-56.016	
1	1803.000	-56.056	
1	1804.000	-56.085	
1	1805.000	-56.097	
1	1806.000	-56.085	
1	1807.000	-56.083	
1	1808.000	-56.101	
1	1809.000	-56.149	
1	1810.000	-56.221	
1	1811.000	-56.279	
1	1812.000	-56.338	
1	1813.000	-56.369	
1	1814.000	-56.371	
1	1815.000	-56.392	
1	1816.000	-56.426	
1	1817.000	-56.458	
1	1818.000	-56.493	
1	1819.000	-56.521	
1	1820.000	-56.545	
1	1821.000	-56.575	
1	1822.000	-56.622	
1	1823.000	-56.651	
1	1824.000	-56.675	
1	1825.000	-56.695	
1	1826.000	-56.690	
1	1827.000	-56.657	
1	1828.000	-56.631	
1	1829.000	-56.579	
1	1830.000	-56.527	
1	1831.000	-56.473	
1	1832.000	-56.376	
1	1833.000	-56.274	
1	1834.000	-56.183	
1	1835.000	-56.121	
1	1836.000	-56.103	
1	1837.000	-56.103	
1	1838.000	-56.112	
1	1839.000	-56.128	
1	1840.000	-56.123	
1	1841.000	-56.122	
1	1842.000	-56.134	
1	1843.000	-56.148	
1	1844.000	-56.141	
1	1845.000	-56.097	
1	1846.000	-56.039	
1	1847.000	-55.964	
1	1848.000	-55.875	
1	1849.000	-55.811	
1	1850.000	-55.770	
1	1851.000	-55.749	
1	1852.000	-55.715	
1	1853.000	-55.669	
1	1854.000	-55.636	
1	1855.000	-55.598	
1	1856.000	-55.543	
1	1857.000	-55.482	
1	1858.000	-55.439	
1	1859.000	-55.435	
1	1860.000	-55.422	
1	1861.000	-55.408	
1	1862.000	-55.395	
1	1863.000	-55.372	
1	1864.000	-55.353	
1	1865.000	-55.378	
1	1866.000	-55.417	
1	1867.000	-55.470	
1	1868.000	-55.515	
1	1869.000	-55.502	
1	1870.000	-55.441	
1	1871.000	-55.389	
1	1872.000	-55.398	
1	1873.000	-55.417	
1	1874.000	-55.437	
1	1875.000	-55.464	
1	1876.000	-55.497	
1	1877.000	-55.545	
1	1878.000	-55.588	
1	1879.000	-55.592	
1	1880.000	-55.590	
1	1881.000	-55.628	
1	1882.000	-55.683	
1	1883.000	-55.738	
1	1884.000	-55.787	
1	1885.000	-55.810	
1	1886.000	-55.819	
1	1887.000	-55.830	
1	1888.000	-55.847	
1	1889.000	-55.854	
1	1890.000	-55.906	
1	1891.000	-56.001	
1	1892.000	-56.061	
1	1893.000	-56.091	
1	1894.000	-56.105	
1	1895.000	-56.113	
1	1896.000	-56.115	
1	1897.000	-56.124	
1	1898.000	-56.120	
1	1899.000	-56.114	
1	1900.000	-56.138	
1	1901.000	-56.194	
1	1902.000	-56.275	
1	1903.000	-56.335	
1	1904.000	-56.368	
1	1905.000	-56.379	
1	1906.000	-56.358	
1	1907.000	-56.316	
1	1908.000	-56.249	
1	1909.000	-56.134	
1	1910.000	-55.992	
1	1911.000	-55.867	
1	1912.000	-55.743	
1	1913.000	-55.661	
1	1914.000	-55.616	
1	1915.000	-55.581	
1	1916.000	-55.565	
1	1917.000	-55.552	
1	1918.000	-55.533	
1	1919.000	-55.520	
1	1920.000	-55.522	
1	1921.000	-55.549	
1	1922.000	-55.574	
1	1923.000	-55.559	
1	1924.000	-55.527	
1	1925.000	-55.484	
1	1926.000	-55.430	
1	1927.000	-55.378	
1	1928.000	-55.309	
1	1929.000	-55.239	
1	1930.000	-55.193	
1	1931.000	-55.208	
1	1932.000	-55.280	
1	1933.000	-55.304	
1	1934.000	-55.248	
1	1935.000	-55.146	
1	1936.000	-55.049	
1	1937.000	-55.003	
1	1938.000	-70.000	
1	1939.000	-70.000	
1	1940.000	-69.021	
1	1941.000	-67.819	
1	1942.000	-66.796	
1	1943.000	-65.891	
1	1944.000	-65.041	
1	1945.000	-64.259	
1	1946.000	-63.519	
1	1947.000	-62.821	
1	1948.000	-62.184	
1	1949.000	-61.601	
1	1950.000	-61.124	
1	1951.000	-60.755	
1	1952.000	-60.398	
1	1953.000	-60.038	
1	1954.000	-59.719	
1	1955.000	-59.448	
1	1956.000	-59.207	
1	1957.000	-58.982	
1	1958.000	-58.754	
1	1959.000	-58.525	
1	1960.000	-58.283	
1	1961.000	-58.012	
1	1962.000	-57.759	
1	1963.000	-57.552	
1	1964.000	-57.394	
1	1965.000	-57.270	
1	1966.000	-57.161	
1	1967.000	-57.017	
1	1968.000	-56.806	
1	1969.000	-56.589	
1	1970.000	-56.392	
1	1971.000	-56.225	
1	1972.000	-56.114	
1	1973.000	-56.040	
1	1974.000	-55.962	
1	1975.000	-55.887	
1	1976.000	-55.857	
1	1977.000	-55.859	
1	1978.000	-55.900	
1	1979.000	-55.993	
1	1980.000	-56.106	
1	1981.000	-56.223	
1	1982.000	-56.342	
1	1983.000	-56.436	
1	1984.000	-56.494	
1	1985.000	-56.517	
1	1986.000	-56.494	
1	1987.000	-56.452	
1	1988.000	-56.389	
1	1989.000	-56.342	
1	1990.000	-56.280	
1	1991.000	-56.193	
1	1992.000	-56.127	
1	1993.000	-56.096	
1	1994.000	-56.081	
1	1995.000	-56.050	
1	1996.000	-55.988	
1	1997.000	-55.923	
1	1998.000	-55.870	
1	1999.000	-55.854	
1	2000.000	-55.899	
1	2001.000	-55.957	
1	2002.000	-55.981	
1	2003.000	-55.907	
1	2004.000	-55.793	
1	2005.000	-55.705	
1	2006.000	-55.617	
1	2007.000	-55.554	
1	2008.000	-55.532	
1	2009.000	-55.562	
1	2010.000	-55.593	
1	2011.000	-55.593	
1	2012.000	-55.569	
1	2013.000	-55.511	
1	2014.000	-55.448	
1	2015.000	-55.385	
1	2016.000	-55.354	
1	2017.000	-55.344	
1	2018.000	-55.364	
1	2019.000	-55.435	
1	2020.000	-55.566	
1	2021.000	-55.743	
1	2022.000	-55.919	
1	2023.000	-56.053	
1	2024.000	-56.159	
1	2025.000	-56.209	
1	2026.000	-56.232	
1	2027.000	-56.211	
1	2028.000	-56.151	
1	2029.000	-56.070	
1	2030.000	-55.995	
1	2031.000	-55.939	
1	2032.000	-55.904	
1	2033.000	-55.885	
1	2034.000	-55.864	
1	2035.000	-55.850	
1	2036.000	-55.833	
1	2037.000	-55.821	
1	2038.000	-55.841	
1	2039.000	-55.911	
1	2040.000	-56.010	
1	2041.000	-56.084	
1	2042.000	-56.146	
1	2043.000	-56.210	
1	2044.000	-56.266	
1	2045.000	-56.281	
1	2046.000	-56.241	
1	2047.000	-56.154	
1	2048.000	-56.053	
1	2049.000	-55.951	
1	2050.000	-55.866	
1	2051.000	-55.799	
1	2052.000	-55.738	
1	2053.000	-55.691	
1	2054.000	-55.617	
1	2055.000	-55.511	
1	2056.000	-55.379	
1	2057.000	-55.271	
1	2058.000	-55.193	
1	2059.000	-55.131	
1	2060.000	-55.083	
1	2061.000	-55.049	
1	2062.000	-55.063	
1	2063.000	-55.061	
1	2064.000	-55.013	
1	2065.000	-70.000	
1	2066.000	-70.000	
1	2067.000	-68.744	
1	2068.000	-67.343	
1	2069.000	-66.152	
1	2070.000	-65.177	
1	2071.000	-64.344	
1	2072.000	-63.593	
1	2073.000	-62.908	
1	2074.000	-62.316	
1	2075.000	-61.771	
1	2076.000	-61.273	
1	2077.000	-60.797	
1	2078.000	-60.325	
1	2079.000	-59.868	
1	2080.000	-59.473	
1	2081.000	-59.154	
1	2082.000	-58.876	
1	2083.000	-58.583	
1	2084.000	-58.271	
1	2085.000	-57.983	
1	2086.000	-57.770	
1	2087.000	-57.635	
1	2088.000	-57.541	
1	2089.000	-57.458	
1	2090.000	-57.355	
1	2091.000	-57.232	
1	2092.000	-57.110	
1	2093.000	-56.986	
1	2094.000	-56.898	
1	2095.000	-56.833	
1	2096.000	-56.784	
1	2097.000	-56.751	
1	2098.000	-56.735	
1	2099.000	-56.737	
1	2100.000	-56.723	
1	2101.000	-56.676	
1	2102.000	-56.601	
1	2103.000	-56.491	
1	2104.000	-56.360	
1	2105.000	-56.261	
1	2106.000	-56.151	
1	2107.000	-56.029	
1	2108.000	-55.924	
1	2109.000	-55.847	
1	2110.000	-55.774	
1	2111.000	-55.694	
1	2112.000	-55.652	
1	2113.000	-55.641	
1	2114.000	-55.651	
1	2115.000	-55.680	
1	2116.000	-55.707	
1	2117.000	-55.735	
1	2118.000	-55.773	
1	2119.000	-55.790	
1	2120.000	-55.822	
1	2121.000	-55.854	
1	2122.000	-55.854	
1	2123.000	-55.830	
1	2124.000	-55.778	
1	2125.000	-55.767	
1	2126.000	-55.792	
1	2127.000	-55.852	
1	2128.000	-55.932	
1	2129.000	-55.978	
1	2130.000	-55.985	
1	2131.000	-55.966	
1	2132.000	-55.927	
1	2133.000	-55.915	
1	2134.000	-55.923	
1	2135.000	-55.922	
1	2136.000	-55.906	
1	2137.000	-55.923	
1	2138.000	-55.942	
1	2139.000	-55.935	
1	2140.000	-55.926	
1	2141.000	-55.907	
1	2142.000	-55.880	
1	2143.000	-55.839	
1	2144.000	-55.829	
1	2145.000	-55.845	
1	2146.000	-55.831	
1	2147.000	-55.809	
1	2148.000	-55.762	
1	2149.000	-55.689	
1	2150.000	-55.628	
1	2151.000	-55.621	
1	2152.000	-55.671	
1	2153.000	-55.739	
1	2154.000	-55.834	
1	2155.000	-55.885	
1	2156.000	-55.913	
1	2157.000	-55.912	
1	2158.000	-55.907	
1	2159.000	-55.905	
1	2160.000	-55.922	
1	2161.000	-55.924	
1	2162.000	-55.915	
1	2163.000	-55.907	
1	2164.000	-55.933	
1	2165.000	-55.983	
1	2166.000	-56.014	
1	2167.000	-56.053	
1	2168.000	-56.102	
1	2169.000	-56.123	
1	2170.000	-56.117	
1	2171.000	-56.136	
1	2172.000	-56.211	
1	2173.000	-56.278	
1	2174.000	-56.353	
1	2175.000	-56.422	
1	2176.000	-56.473	
1	2177.000	-56.515	
1	2178.000	-56.534	
1	2179.000	-56.509	
1	2180.000	-56.425	
1	2181.000	-56.307	
1	2182.000	-56.172	
1	2183.000	-56.041	
1	2184.000	-55.935	
1	2185.000	-55.845	
1	2186.000	-55.769	
1	2187.000	-55.686	
1	2188.000	-55.586	
1	2189.000	-55.526	
1	2190.000	-55.487	
1	2191.000	-55.481	
1	2192.000	-55.472	
1	2193.000	-55.434	
1	2194.000	-55.397	
1	2195.000	-55.385	
1	2196.000	-55.381	
1	2197.000	-55.350	
1	2198.000	-55.298	
1	2199.000	-55.248	
1	2200.000	-55.211	
1	2201.000	-55.206	
1	2202.000	-55.204	
1	2203.000	-55.177	
1	2204.000	-55.170	
1	2205.000	-55.195	
1	2206.000	-55.221	
1	2207.000	-55.263	
1	2208.000	-55.332	
1	2209.000	-55.380	
1	2210.000	-55.409	
1	2211.000	-55.431	
1	2212.000	-55.450	
1	2213.000	-55.490	
1	2214.000	-55.522	
1	2215.000	-55.597	
1	2216.000	-55.691	
1	2217.000	-55.770	
1	2218.000	-55.837	
1	2219.000	-55.896	
1	2220.000	-55.915	
1	2221.000	-55.944	
1	2222.000	-56.004	
1	2223.000	-56.022	
1	2224.000	-56.019	
1	2225.000	-55.990	
1	2226.000	-55.920	
1	2227.000	-55.875	
1	2228.000	-55.863	
1	2229.000	-55.871	
1	2230.000	-55.899	
1	2231.000	-55.956	
1	2232.000	-56.031	
1	2233.000	-56.117	
1	2234.000	-56.182	
1	2235.000	-56.219	
1	2236.000	-56.249	
1	2237.000	-56.241	
1	2238.000	-56.244	
1	2239.000	-56.251	
1	2240.000	-56.232	
1	2241.000	-56.149	
1	2242.000	-56.049	
1	2243.000	-55.970	
1	2244.000	-55.912	
1	2245.000	-55.880	
1	2246.000	-55.858	
1	2247.000	-55.818	
1	2248.000	-55.777	
1	2249.000	-55.742	
1	2250.000	-55.693	
1	2251.000	-55.628	
1	2252.000	-55.558	
1	2253.000	-55.441	
1	2254.000	-55.314	
1	2255.000	-55.221	
1	2256.000	-55.172	
1	2257.000	-55.115	
1	2258.000	-55.081	
1	2259.000	-55.096	
1	2260.000	-55.147	
1	2261.000	-55.208	
1	2262.000	-55.275	
1	2263.000	-55.344	
1	2264.000	-55.373	
1	2265.000	-55.385	
1	2266.000	-55.375	
1	2267.000	-55.377	
1	2268.000	-55.414	
1	2269.000	-55.486	
1	2270.000	-55.600	
1	2271.000	-55.737	
1	2272.000	-55.878	
1	2273.000	-56.002	
1	2274.000	-56.116	
1	2275.000	-56.189	
1	2276.000	-56.242	
1	2277.000	-56.285	
1	2278.000	-56.336	
1	2279.000	-56.342	
1	2280.000	-56.327	
1	2281.000	-56.270	
1	2282.000	-56.186	
1	2283.000	-56.073	
1	2284.000	-55.959	
1	2285.000	-55.907	
1	2286.000	-55.860	
1	2287.000	-55.773	
1	2288.000	-55.660	
1	2289.000	-55.543	
1	2290.000	-55.434	
1	2291.000	-55.333	
1	2292.000	-55.265	
1	2293.000	-55.242	
1	2294.000	-55.231	
1	2295.000	-55.237	
1	2296.000	-55.224	
1	2297.000	-55.248	
1	2298.000	-55.319	
1	2299.000	-55.373	
1	2300.000	-55.407	
1	2301.000	-55.403	
1	2302.000	-55.378	
1	2303.000	-55.368	
1	2304.000	-55.358	
1	2305.000	-55.322	
1	2306.000	-55.281	
1	2307.000	-55.220	
1	2308.000	-55.192	
1	2309.000	-55.187	
1	2310.000	-55.200	
1	2311.000	-55.222	
1	2312.000	-55.261	
1	2313.000	-55.337	
1	2314.000	-55.421	
1	2315.000	-55.505	
1	2316.000	-55.561	
1	2317.000	-55.588	
1	2318.000	-55.596	
1	2319.000	-55.585	
1	2320.000	-55.568	
1	2321.000	-55.541	
1	2322.000	-55.526	
1	2323.000	-55.508	
1	2324.000	-55.512	
1	2325.000	-55.533	
1	2326.000	-55.588	
1	2327.000	-55.677	
1	2328.000	-55.787	
1	2329.000	-55.917	
1	2330.000	-56.038	
1	2331.000	-56.162	
1	2332.000	-56.306	
1	2333.000	-56.427	
1	2334.000	-56.521	
1	2335.000	-56.610	
1	2336.000	-56.695	
1	2337.000	-56.760	
1	2338.000	-56.827	
1	2339.000	-56.897	
1	2340.000	-56.919	
1	2341.000	-56.849	
1	2342.000	-56.699	
1	2343.000	-56.494	
1	2344.000	-56.277	
1	2345.000	-56.085	
1	2346.000	-55.924	
1	2347.000	-55.780	
1	2348.000	-55.647	
1	2349.000	-55.555	
1	2350.000	-55.498	
1	2351.000	-55.452	
1	2352.000	-55.411	
1	2353.000	-55.392	
1	2354.000	-55.392	
1	2355.000	-55.379	
1	2356.000	-55.346	
1	2357.000	-55.346	
1	2358.000	-55.381	
1	2359.000	-55.471	
1	2360.000	-55.586	
1	2361.000	-55.675	
1	2362.000	-55.724	
1	2363.000	-55.741	
1	2364.000	-55.737	
1	2365.000	-55.738	
1	2366.000	-55.769	
1	2367.000	-55.809	
1	2368.000	-55.839	
1	2369.000	-55.899	
1	2370.000	-55.965	
1	2371.000	-56.027	
1	2372.000	-56.041	
1	2373.000	-56.042	
1	2374.000	-56.010	
1	2375.000	-55.962	
1	2376.000	-55.895	
1	2377.000	-55.847	
1	2378.000	-55.807	
1	2379.000	-55.772	
1	2380.000	-55.758	
1	2381.000	-55.738	
1	2382.000	-55.707	
1	2383.000	-55.635	
1	2384.000	-55.573	
1	2385.000	-55.533	
1	2386.000	-55.507	
1	2387.000	-55.519	
1	2388.000	-55.557	
1	2389.000	-55.593	
1	2390.000	-55.644	
1	2391.000	-55.711	
1	2392.000	-55.769	
1	2393.000	-55.839	
1	2394.000	-55.874	
1	2395.000	-55.860	
1	2396.000	-55.804	
1	2397.000	-55.722	
1	2398.000	-55.621	
1	2399.000	-55.499	
1	2400.000	-55.396	
1	2401.000	-55.356	
1	2402.000	-55.367	
1	2403.000	-55.375	
1	2404.000	-55.381	
1	2405.000	-55.412	
1	2406.000	-55.457	
1	2407.000	-55.512	
1	2408.000	-55.595	
1	2409.000	-55.690	
1	2410.000	-55.769	
1	2411.000	-55.851	
1	2412.000	-55.917	
1	2413.000	-55.900	
1	2414.000	-55.862	
1	2415.000	-55.881	
1	2416.000	-55.887	
1	2417.000	-55.859	
1	2418.000	-55.835	
1	2419.000	-55.819	
1	2420.000	-55.832	
1	2421.000	-55.878	
1	2422.000	-55.927	
1	2423.000	-55.975	
1	2424.000	-56.027	
1	2425.000	-56.075	
1	2426.000	-56.116	
1	2427.000	-56.121	
1	2428.000	-56.120	
1	2429.000	-56.129	
1	2430.000	-56.130	
1	2431.000	-56.097	
1	2432.000	-56.057	
1	2433.000	-55.985	
1	2434.000	-55.903	
1	2435.000	-55.855	
1	2436.000	-55.799	
1	2437.000	-55.729	
1	2438.000	-55.665	
1	2439.000	-55.621	
1	2440.000	-55.608	
1	2441.000	-55.623	
1	2442.000	-55.634	
1	2443.000	-55.661	
1	2444.000	-55.695	
1	2445.000	-55.734	
1	2446.000	-55.772	
1	2447.000	-55.802	
1	2448.000	-55.803	
1	2449.000	-55.815	
1	2450.000	-55.836	
1	2451.000	-55.861	
1	2452.000	-55.827	
1	2453.000	-55.757	
1	2454.000	-55.696	
1	2455.000	-55.643	
1	2456.000	-55.594	
1	2457.000	-55.561	
1	2458.000	-55.565	
1	2459.000	-55.544	
1	2460.000	-55.566	
1	2461.000	-55.622	
1	2462.000	-55.677	
1	2463.000	-55.758	
1	2464.000	-55.839	
1	2465.000	-55.858	
1	2466.000	-55.822	
1	2467.000	-55.728	
1	2468.000	-55.621	
1	2469.000	-55.516	
1	2470.000	-55.447	
1	2471.000	-55.437	
1	2472.000	-55.458	
1	2473.000	-55.487	
1	2474.000	-55.494	
1	2475.000	-55.483	
1	2476.000	-55.455	
1	2477.000	-55.437	
1	2478.000	-55.444	
1	2479.000	-55.437	
1	2480.000	-55.441	
1	2481.000	-55.467	
1	2482.000	-55.465	
1	2483.000	-55.432	
1	2484.000	-55.390	
1	2485.000	-55.368	
1	2486.000	-55.379	
1	2487.000	-55.432	
1	2488.000	-55.496	
1	2489.000	-55.548	
1	2490.000	-55.576	
1	2491.000	-55.584	
1	2492.000	-55.587	
1	2493.000	-55.593	
1	2494.000	-55.607	
1	2495.000	-55.626	
1	2496.000	-55.670	
1	2497.000	-55.775	
1	2498.000	-55.897	
1	2499.000	-56.005	
1	2500.000	-56.077	
1	2501.000	-56.085	
1	2502.000	-56.002	
1	2503.000	-55.852	
1	2504.000	-55.672	
1	2505.000	-55.509	
1	2506.000	-55.424	
1	2507.000	-55.413	
1	2508.000	-55.427	
1	2509.000	-55.461	
1	2510.000	-55.477	
1	2511.000	-55.476	
1	2512.000	-55.484	
1	2513.000	-55.464	
1	2514.000	-55.417	
1	2515.000	-55.365	
1	2516.000	-55.349	
1	2517.000	-55.387	
1	2518.000	-55.408	
1	2519.000	-55.463	
1	2520.000	-55.536	
1	2521.000	-55.574	
1	2522.000	-55.582	
1	2523.000	-55.601	
1	2524.000	-55.635	
1	2525.000	-55.661	
1	2526.000	-55.657	
1	2527.000	-55.653	
1	2528.000	-55.685	
1	2529.000	-55.725	
1	2530.000	-55.735	
1	2531.000	-55.773	
1	2532.000	-55.819	
1	2533.000	-55.877	
1	2534.000	-55.951	
1	2535.000	-56.047	
1	2536.000	-56.138	
1	2537.000	-56.204	
1	2538.000	-56.269	
1	2539.000	-56.364	
1	2540.000	-56.482	
1	2541.000	-56.593	
1	2542.000	-56.661	
1	2543.000	-56.694	
1	2544.000	-56.748	
1	2545.000	-56.803	
1	2546.000	-56.833	
1	2547.000	-56.820	
1	2548.000	-56.796	
1	2549.000	-56.773	
1	2550.000	-56.720	
1	2551.000	-56.624	
1	2552.000	-56.504	
1	2553.000	-56.367	
1	2554.000	-56.251	
1	2555.000	-56.200	
1	2556.000	-56.170	
1	2557.000	-56.138	
1	2558.000	-56.124	
1	2559.000	-56.105	
1	2560.000	-56.115	
1	2561.000	-56.125	
1	2562.000	-56.107	
1	2563.000	-56.048	
1	2564.000	-55.937	
1	2565.000	-55.780	
1	2566.000	-55.635	
1	2567.000	-55.519	
1	2568.000	-55.443	
1	2569.000	-55.422	
1	2570.000	-55.457	
1	2571.000	-55.496	
1	2572.000	-55.503	
1	2573.000	-55.488	
1	2574.000	-55.520	
1	2575.000	-55.622	
1	2576.000	-55.765	
1	2577.000	-55.871	
1	2578.000	-55.921	
1	2579.000	-55.954	
1	2580.000	-56.000	
1	2581.000	-56.056	
1	2582.000	-56.096	
1	2583.000	-56.147	
1	2584.000	-56.199	
1	2585.000	-56.229	
1	2586.000	-56.248	
1	2587.000	-56.228	
1	2588.000	-56.119	
1	2589.000	-55.967	
1	2590.000	-55.827	
1	2591.000	-55.734	
1	2592.000	-55.670	
1	2593.000	-55.633	
1	2594.000	-55.584	
1	2595.000	-55.548	
1	2596.000	-55.536	
1	2597.000	-55.531	
1	2598.000	-55.512	
1	2599.000	-55.458	
1	2600.000	-55.389	
1	2601.000	-55.326	
1	2602.000	-55.266	
1	2603.000	-55.223	
1	2604.000	-55.193	
1	2605.000	-55.176	
1	2606.000	-55.184	
1	2607.000	-55.242	
1	2608.000	-55.303	
1	2609.000	-55.344	
1	2610.000	-55.392	
1	2611.000	-55.461	
1	2612.000	-55.532	
1	2613.000	-55.601	
1	2614.000	-55.715	
1	2615.000	-55.859	
1	2616.000	-55.988	
1	2617.000	-56.078	
1	2618.000	-56.154	
1	2619.000	-56.252	
1	2620.000	-56.303	
1	2621.000	-56.306	
1	2622.000	-56.292	
1	2623.000	-56.276	
1	2624.000	-56.275	
1	2625.000	-56.285	
1	2626.000	-56.318	
1	2627.000	-56.358	
1	2628.000	-56.397	
1	2629.000	-56.413	
1	2630.000	-56.407	
1	2631.000	-56.419	
1	2632.000	-56.415	
1	2633.000	-56.405	
1	2634.000	-56.404	
1	2635.000	-56.411	
1	2636.000	-56.402	
1	2637.000	-56.384	
1	2638.000	-56.356	
1	2639.000	-56.280	
1	2640.000	-56.190	
1	2641.000	-56.132	
1	2642.000	-56.105	
1	2643.000	-56.137	
1	2644.000	-56.174	
1	2645.000	-56.126	
1	2646.000	-55.947	
1	2647.000	-55.713	
1	2648.000	-55.514	
1	2649.000	-55.388	
1	2650.000	-55.358	
1	2651.000	-55.392	
1	2652.000	-55.458	
1	2653.000	-55.542	
1	2654.000	-55.639	
1	2655.000	-55.733	
1	2656.000	-55.772	
1	2657.000	-55.797	
1	2658.000	-55.834	
1	2659.000	-55.888	
1	2660.000	-55.913	
1	2661.000	-55.945	
1	2662.000	-55.966	
1	2663.000	-55.948	
1	2664.000	-55.895	
1	2665.000	-55.854	
1	2666.000	-55.802	
1	2667.000	-55.714	
1	2668.000	-55.654	
1	2669.000	-55.596	
1	2670.000	-55.489	
1	2671.000	-55.375	
1	2672.000	-55.244	
1	2673.000	-55.131	
1	2674.000	-55.066	
1	2675.000	-55.022	
1	2676.000	-70.000	
1	2677.000	-70.000	
1	2678.000	-69.251	
1	2679.000	-67.863	
1	2680.000	-66.589	
1	2681.000	-65.459	
1	2682.000	-64.469	
1	2683.000	-63.626	
1	2684.000	-62.874	
1	2685.000	-62.176	
1	2686.000	-61.517	
1	2687.000	-60.915	
1	2688.000	-60.381	
1	2689.000	-59.894	
1	2690.000	-59.442	
1	2691.000	-59.022	
1	2692.000	-58.609	
1	2693.000	-58.242	
1	2694.000	-57.944	
1	2695.000	-57.689	
1	2696.000	-57.439	
1	2697.000	-57.211	
1	2698.000	-57.001	
1	2699.000	-56.793	
1	2700.000	-56.587	
1	2701.000	-56.333	
1	2702.000	-56.054	
1	2703.000	-55.827	
1	2704.000	-55.665	
1	2705.000	-55.537	
1	2706.000	-55.420	
1	2707.000	-55.339	
1	2708.000	-55.295	
1	2709.000	-55.264	
1	2710.000	-55.220	
1	2711.000	-55.163	
1	2712.000	-55.120	
1	2713.000	-55.122	
1	2714.000	-55.144	
1	2715.000	-55.201	
1	2716.000	-55.263	
1	2717.000	-55.361	
1	2718.000	-55.470	
1	2719.000	-55.591	
1	2720.000	-55.743	
1	2721.000	-55.875	
1	2722.000	-55.958	
1	2723.000	-56.006	
1	2724.000	-56.033	
1	2725.000	-56.015	
1	2726.000	-55.954	
1	2727.000	-55.879	
1	2728.000	-55.816	
1	2729.000	-55.773	
1	2730.000	-55.727	
1	2731.000	-55.683	
1	2732.000	-55.605	
1	2733.000	-55.479	
1	2734.000	-55.332	
1	2735.000	-55.216	
1	2736.000	-55.182	
1	2737.000	-55.178	
1	2738.000	-55.179	
1	2739.000	-55.157	
1	2740.000	-55.117	
1	2741.000	-55.071	
1	2742.000	-55.012	
1	2743.000	-70.000	
1	2744.000	-70.000	
1	2745.000	-69.047	
1	2746.000	-67.794	
1	2747.000	-66.628	
1	2748.000	-65.576	
1	2749.000	-64.663	
1	2750.000	-63.857	
1	2751.000	-63.108	
1	2752.000	-62.406	
1	2753.000	-61.787	
1	2754.000	-61.222	
1	2755.000	-60.739	
1	2756.000	-60.298	
1	2757.000	-59.906	
1	2758.000	-59.540	
1	2759.000	-59.243	
1	2760.000	-59.038	
1	2761.000	-58.912	
1	2762.000	-58.804	
1	2763.000	-58.664	
1	2764.000	-58.489	
1	2765.000	-58.289	
1	2766.000	-58.061	
1	2767.000	-57.807	
1	2768.000	-57.556	
1	2769.000	-57.338	
1	2770.000	-57.143	
1	2771.000	-56.926	
1	2772.000	-56.720	
1	2773.000	-56.549	
1	2774.000	-56.420	
1	2775.000	-56.307	
1	2776.000	-56.220	
1	2777.000	-56.121	
1	2778.000	-56.002	
1	2779.000	-55.909	
1	2780.000	-55.899	
1	2781.000	-55.946	
1	2782.000	-56.012	
1	2783.000	-56.093	
1	2784.000	-56.210	
1	2785.000	-56.346	
1	2786.000	-56.445	
1	2787.000	-56.481	
1	2788.000	-56.448	
1	2789.000	-56.399	
1	2790.000	-56.353	
1	2791.000	-56.322	
1	2792.000	-56.303	
1	2793.000	-56.250	
1	2794.000	-56.154	
1	2795.000	-56.032	
1	2796.000	-55.898	
1	2797.000	-55.811	
1	2798.000	-55.772	
1	2799.000	-55.776	
1	2800.000	-55.782	
1	2801.000	-55.808	
1	2802.000	-55.871	
1	2803.000	-55.957	
1	2804.000	-56.074	
1	2805.000	-56.170	
1	2806.000	-56.217	
1	2807.000	-56.169	
1	2808.000	-56.053	
1	2809.000	-55.929	
1	2810.000	-55.833	
1	2811.000	-55.789	
1	2812.000	-55.837	
1	2813.000	-55.911	
1	2814.000	-56.005	
1	2815.000	-56.071	
1	2816.000	-56.035	
1	2817.000	-55.938	
1	2818.000	-55.824	
1	2819.000	-55.754	
1	2820.000	-55.752	
1	2821.000	-55.791	
1	2822.000	-55.862	
1	2823.000	-55.928	
1	2824.000	-55.966	
1	2825.000	-56.003	
1	2826.000	-56.060	
1	2827.000	-56.125	
1	2828.000	-56.223	
1	2829.000	-56.309	
1	2830.000	-56.363	
1	2831.000	-56.382	
1	2832.000	-56.347	
1	2833.000	-56.257	
1	2834.000	-56.198	
1	2835.000	-56.192	
1	2836.000	-56.248	
1	2837.000	-56.316	
1	2838.000	-56.352	
1	2839.000	-56.396	
1	2840.000	-56.448	
1	2841.000	-56.467	
1	2842.000	-56.428	
1	2843.000	-56.404	
1	2844.000	-56.416	
1	2845.000	-56.461	
1	2846.000	-56.505	
1	2847.000	-56.562	
1	2848.000	-56.620	
1	2849.000	-56.659	
1	2850.000	-56.713	
1	2851.000	-56.794	
1	2852.000	-56.843	
1	2853.000	-56.826	
1	2854.000	-56.810	
1	2855.000	-56.783	
1	2856.000	-56.758	
1	2857.000	-56.693	
1	2858.000	-56.594	
1	2859.000	-56.505	
1	2860.000	-56.433	
1	2861.000	-56.362	
1	2862.000	-56.288	
1	2863.000	-56.230	
1	2864.000	-56.205	
1	2865.000	-56.224	
1	2866.000	-56.272	
1	2867.000	-56.326	
1	2868.000	-56.377	
1	2869.000	-56.442	
1	2870.000	-56.511	
1	2871.000	-56.552	
1	2872.000	-56.547	
1	2873.000	-56.517	
1	2874.000	-56.444	
1	2875.000	-56.341	
1	2876.000	-56.220	
1	2877.000	-56.091	
1	2878.000	-56.002	
1	2879.000	-55.917	
1	2880.000	-55.858	
1	2881.000	-55.828	
1	2882.000	-55.830	
1	2883.000	-55.855	
1	2884.000	-55.970	
1	2885.000	-56.145	
1	2886.000	-56.273	
1	2887.000	-56.336	
1	2888.000	-56.357	
1	2889.000	-56.398	
1	2890.000	-56.441	
1	2891.000	-56.448	
1	2892.000	-56.408	
1	2893.000	-56.346	
1	2894.000	-56.288	
1	2895.000	-56.238	
1	2896.000	-56.221	
1	2897.000	-56.214	
1	2898.000	-56.207	
1	2899.000	-56.198	
1	2900.000	-56.183	
1	2901.000	-56.160	
1	2902.000	-56.115	
1	2903.000	-56.089	
1	2904.000	-56.067	
1	2905.000	-56.036	
1	2906.000	-56.027	
1	2907.000	-56.019	
1	2908.000	-55.977	
1	2909.000	-55.957	
1	2910.000	-55.943	
1	2911.000	-55.913	
1	2912.000	-55.878	
1	2913.000	-55.846	
1	2914.000	-55.853	
1	2915.000	-55.873	
1	2916.000	-55.888	
1	2917.000	-55.885	
1	2918.000	-55.889	
1	2919.000	-55.886	
1	2920.000	-55.868	
1	2921.000	-55.852	
1	2922.000	-55.851	
1	2923.000	-55.834	
1	2924.000	-55.817	
1	2925.000	-55.796	
1	2926.000	-55.759	
1	2927.000	-55.741	
1	2928.000	-55.755	
1	2929.000	-55.760	
1	2930.000	-55.735	
1	2931.000	-55.722	
1	2932.000	-55.733	
1	2933.000	-55.748	
1	2934.000	-55.783	
1	2935.000	-55.809	
1	2936.000	-55.810	
1	2937.000	-55.811	
1	2938.000	-55.834	
1	2939.000	-55.844	
1	2940.000	-55.835	
1	2941.000	-55.858	
1	2942.000	-55.958	
1	2943.000	-56.073	
1	2944.000	-56.121	
1	2945.000	-56.151	
1	2946.000	-56.187	
1	2947.000	-56.252	
1	2948.000	-56.315	
1	2949.000	-56.334	
1	2950.000	-56.289	
1	2951.000	-56.191	
1	2952.000	-56.085	
1	2953.000	-56.033	
1	2954.000	-56.030	
1	2955.000	-56.046	
1	2956.000	-56.117	
1	2957.000	-56.198	
1	2958.000	-56.260	
1	2959.000	-56.316	
1	2960.000	-56.343	
1	2961.000	-56.354	
1	2962.000	-56.344	
1	2963.000	-56.311	
1	2964.000	-56.252	
1	2965.000	-56.202	
1	2966.000	-56.156	
1	2967.000	-56.127	
1	2968.000	-56.124	
1	2969.000	-56.117	
1	2970.000	-56.070	
1	2971.000	-55.989	
1	2972.000	-55.873	
1	2973.000	-55.738	
1	2974.000	-55.598	
1	2975.000	-55.484	
1	2976.000	-55.402	
1	2977.000	-55.352	
1	2978.000	-55.343	
1	2979.000	-55.361	
1	2980.000	-55.383	
1	2981.000	-55.416	
1	2982.000	-55.455	
1	2983.000	-55.527	
1	2984.000	-55.614	
1	2985.000	-55.701	
1	2986.000	-55.810	
1	2987.000	-55.926	
1	2988.000	-56.026	
1	2989.000	-56.088	
1	2990.000	-56.102	
1	2991.000	-56.094	
1	2992.000	-56.124	
1	2993.000	-56.168	
1	2994.000	-56.218	
1	2995.000	-56.250	
1	2996.000	-56.259	
1	2997.000	-56.262	
1	2998.000	-56.353	
1	2999.000	-56.504	
1	3000.000	-56.651	
1	3001.000	-56.761	
1	3002.000	-56.880	
1	3003.000	-56.957	
1	3004.000	-56.995	
1	3005.000	-56.996	
1	3006.000	-56.940	
1	3007.000	-56.871	
1	3008.000	-56.772	
1	3009.000	-56.643	
1	3010.000	-56.495	
1	3011.000	-56.355	
1	3012.000	-56.213	
1	3013.000	-56.090	
1	3014.000	-55.984	
1	3015.000	-55.901	
1	3016.000	-55.850	
1	3017.000	-55.827	
1	3018.000	-55.816	
1	3019.000	-55.790	
1	3020.000	-55.757	
1	3021.000	-55.736	
1	3022.000	-55.729	
1	3023.000	-55.704	
1	3024.000	-55.683	
1	3025.000	-55.650	
1	3026.000	-55.622	
1	3027.000	-55.596	
1	3028.000	-55.565	
1	3029.000	-55.498	
1	3030.000	-55.420	
1	3031.000	-55.394	
1	3032.000	-55.409	
1	3033.000	-55.405	
1	3034.000	-55.387	
1	3035.000	-55.362	
1	3036.000	-55.359	
1	3037.000	-55.403	
1	3038.000	-55.468	
1	3039.000	-55.544	
1	3040.000	-55.631	
1	3041.000	-55.729	
1	3042.000	-55.805	
1	3043.000	-55.872	
1	3044.000	-55.936	
1	3045.000	-55.983	
1	3046.000	-55.962	
1	3047.000	-55.919	
1	3048.000	-55.889	
1	3049.000	-55.878	
1	3050.000	-55.862	
1	3051.000	-55.813	
1	3052.000	-55.754	
1	3053.000	-55.700	
1	3054.000	-55.671	
1	3055.000	-55.678	
1	3056.000	-55.729	
1	3057.000	-55.829	
1	3058.000	-55.926	
1	3059.000	-56.010	
1	3060.000	-56.104	
1	3061.000	-56.198	
1	3062.000	-56.273	
1	3063.000	-56.318	
1	3064.000	-56.340	
1	3065.000	-56.333	
1	3066.000	-56.281	
1	3067.000	-56.216	
1	3068.000	-56.181	
1	3069.000	-56.168	
1	3070.000	-56.180	
1	3071.000	-56.188	
1	3072.000	-56.197	
1	3073.000	-56.229	
1	3074.000	-56.284	
1	3075.000	-56.350	
1	3076.000	-56.388	
1	3077.000	-56.391	
1	3078.000	-56.396	
1	3079.000	-56.394	
1	3080.000	-56.405	
1	3081.000	-56.413	
1	3082.000	-56.402	
1	3083.000	-56.385	
1	3084.000	-56.362	
1	3085.000	-56.348	
1	3086.000	-56.355	
1	3087.000	-56.384	
1	3088.000	-56.454	
1	3089.000	-56.539	
1	3090.000	-56.571	
1	3091.000	-56.551	
1	3092.000	-56.535	
1	3093.000	-56.486	
1	3094.000	-56.422	
1	3095.000	-56.377	
1	3096.000	-56.367	
1	3097.000	-56.355	
1	3098.000	-56.320	
1	3099.000	-56.244	
1	3100.000	-56.154	
1	3101.000	-56.089	
1	3102.000	-56.029	
1	3103.000	-55.965	
1	3104.000	-55.941	
1	3105.000	-55.910	
1	3106.000	-55.864	
1	3107.000	-55.792	
1	3108.000	-55.685	
1	3109.000	-55.604	
1	3110.000	-55.575	
1	3111.000	-55.595	
1	3112.000	-55.626	
1	3113.000	-55.638	
1	3114.000	-55.638	
1	3115.000	-55.631	
1	3116.000	-55.606	
1	3117.000	-55.590	
1	3118.000	-55.599	
1	3119.000	-55.609	
1	3120.000	-55.587	
1	3121.000	-55.543	
1	3122.000	-55.529	
1	3123.000	-55.511	
1	3124.000	-55.460	
1	3125.000	-55.409	
1	3126.000	-55.365	
1	3127.000	-55.354	
1	3128.000	-55.384	
1	3129.000	-55.429	
1	3130.000	-55.508	
1	3131.000	-55.606	
1	3132.000	-55.664	
1	3133.000	-55.709	
1	3134.000	-55.735	
1	3135.000	-55.722	
1	3136.000	-55.695	
1	3137.000	-55.660	
1	3138.000	-55.619	
1	3139.000	-55.582	
1	3140.000	-55.564	
1	3141.000	-55.622	
1	3142.000	-55.730	
1	3143.000	-55.868	
1	3144.000	-56.058	
1	3145.000	-56.302	
1	3146.000	-56.523	
1	3147.000	-56.672	
1	3148.000	-56.771	
1	3149.000	-56.853	
1	3150.000	-56.876	
1	3151.000	-56.843	
1	3152.000	-56.790	
1	3153.000	-56.727	
1	3154.000	-56.648	
1	3155.000	-56.558	
1	3156.000	-56.462	
1	3157.000	-56.372	
1	3158.000	-56.291	
1	3159.000	-56.225	
1	3160.000	-56.175	
1	3161.000	-56.136	
1	3162.000	-56.113	
1	3163.000	-56.076	
1	3164.000	-56.030	
1	3165.000	-56.012	
1	3166.000	-55.986	
1	3167.000	-55.945	
1	3168.000	-55.916	
1	3169.000	-55.883	
1	3170.000	-55.863	
1	3171.000	-55.852	
1	3172.000	-55.846	
1	3173.000	-55.840	
1	3174.000	-55.843	
1	3175.000	-55.854	
1	3176.000	-55.857	
1	3177.000	-55.821	
1	3178.000	-55.784	
1	3179.000	-55.763	
1	3180.000	-55.784	
1	3181.000	-55.809	
1	3182.000	-55.816	
1	3183.000	-55.797	
1	3184.000	-55.772	
1	3185.000	-55.771	
1	3186.000	-55.787	
1	3187.000	-55.835	
1	3188.000	-55.868	
1	3189.000	-55.853	
1	3190.000	-55.798	
1	3191.000	-55.718	
1	3192.000	-55.630	
1	3193.000	-55.547	
1	3194.000	-55.502	
1	3195.000	-55.470	
1	3196.000	-55.476	
1	3197.000	-55.489	
1	3198.000	-55.513	
1	3199.000	-55.539	
1	3200.000	-55.564	
1	3201.000	-55.576	
1	3202.000	-55.613	
1	3203.000	-55.643	
1	3204.000	-55.640	
1	3205.000	-55.650	
1	3206.000	-55.705	
1	3207.000	-55.747	
1	3208.000	-55.732	
1	3209.000	-55.673	
1	3210.000	-55.612	
1	3211.000	-55.563	
1	3212.000	-55.535	
1	3213.000	-55.530	
1	3214.000	-55.513	
1	3215.000	-55.525	
1	3216.000	-55.569	
1	3217.000	-55.613	
1	3218.000	-55.635	
1	3219.000	-55.672	
1	3220.000	-55.735	
1	3221.000	-55.795	
1	3222.000	-55.843	
1	3223.000	-55.898	
1	3224.000	-55.938	
1	3225.000	-55.941	
1	3226.000	-55.929	
1	3227.000	-55.941	
1	3228.000	-55.959	
1	3229.000	-56.002	
1	3230.000	-56.098	
1	3231.000	-56.189	
1	3232.000	-56.274	
1	3233.000	-56.353	
1	3234.000	-56.426	
1	3235.000	-56.467	
1	3236.000	-56.504	
1	3237.000	-56.525	
1	3238.000	-56.526	
1	3239.000	-56.494	
1	3240.000	-56.436	
1	3241.000	-56.390	
1	3242.000	-56.344	
1	3243.000	-56.335	
1	3244.000	-56.364	
1	3245.000	-56.407	
1	3246.000	-56.474	
1	3247.000	-56.543	
1	3248.000	-56.587	
1	3249.000	-56.594	
1	3250.000	-56.573	
1	3251.000	-56.533	
1	3252.000	-56.468	
1	3253.000	-56.391	
1	3254.000	-56.332	
1	3255.000	-56.328	
1	3256.000	-56.354	
1	3257.000	-56.371	
1	3258.000	-56.362	
1	3259.000	-56.338	
1	3260.000	-56.267	
1	3261.000	-56.153	
1	3262.000	-55.991	
1	3263.000	-55.830	
1	3264.000	-55.705	
1	3265.000	-55.611	
1	3266.000	-55.570	
1	3267.000	-55.569	
1	3268.000	-55.545	
1	3269.000	-55.483	
1	3270.000	-55.424	
1	3271.000	-55.402	
1	3272.000	-55.419	
1	3273.000	-55.441	
1	3274.000	-55.466	
1	3275.000	-55.528	
1	3276.000	-55.603	
1	3277.000	-55.657	
1	3278.000	-55.702	
1	3279.000	-55.703	
1	3280.000	-55.678	
1	3281.000	-55.645	
1	3282.000	-55.617	
1	3283.000	-55.606	
1	3284.000	-55.595	
1	3285.000	-55.553	
1	3286.000	-55.472	
1	3287.000	-55.398	
1	3288.000	-55.358	
1	3289.000	-55.370	
1	3290.000	-55.453	
1	3291.000	-55.547	
1	3292.000	-55.651	
1	3293.000	-55.786	
1	3294.000	-55.932	
1	3295.000	-56.045	
1	3296.000	-56.137	
1	3297.000	-56.196	
1	3298.000	-56.224	
1	3299.000	-56.255	
1	3300.000	-56.270	
1	3301.000	-56.291	
1	3302.000	-56.346	
1	3303.000	-56.404	
1	3304.000	-56.450	
1	3305.000	-56.485	
1	3306.000	-56.494	
1	3307.000	-56.455	
1	3308.000	-56.349	
1	3309.000	-56.225	
1	3310.000	-56.091	
1	3311.000	-55.954	
1	3312.000	-55.870	
1	3313.000	-55.859	
1	3314.000	-55.879	
1	3315.000	-55.897	
1	3316.000	-55.912	
1	3317.000	-55.940	
1	3318.000	-55.955	
1	3319.000	-55.970	
1	3320.000	-56.001	
1	3321.000	-56.044	
1	3322.000	-56.104	
1	3323.000	-56.122	
1	3324.000	-56.115	
1	3325.000	-56.106	
1	3326.000	-56.095	
1	3327.000	-56.098	
1	3328.000	-56.092	
1	3329.000	-56.085	
1	3330.000	-56.066	
1	3331.000	-56.090	
1	3332.000	-56.153	
1	3333.000	-56.245	
1	3334.000	-56.337	
1	3335.000	-56.417	
1	3336.000	-56.445	
1	3337.000	-56.444	
1	3338.000	-56.415	
1	3339.000	-56.353	
1	3340.000	-56.264	
1	3341.000	-56.196	
1	3342.000	-56.129	
1	3343.000	-56.042	
1	3344.000	-55.930	
1	3345.000	-55.847	
1	3346.000	-55.796	
1	3347.000	-55.717	
1	3348.000	-55.635	
1	3349.000	-55.568	
1	3350.000	-55.538	
1	3351.000	-55.489	
1	3352.000	-55.414	
1	3353.000	-55.308	
1	3354.000	-55.204	
1	3355.000	-55.124	
1	3356.000	-55.057	
1	3357.000	-55.034	
1	3358.000	-55.058	
1	3359.000	-55.126	
1	3360.000	-55.226	
1	3361.000	-55.331	
1	3362.000	-55.422	
1	3363.000	-55.485	
1	3364.000	-55.540	
1	3365.000	-55.596	
1	3366.000	-55.642	
1	3367.000	-55.702	
1	3368.000	-55.808	
1	3369.000	-55.954	
1	3370.000	-56.074	
1	3371.000	-56.153	
1	3372.000	-56.209	
1	3373.000	-56.236	
1	3374.000	-56.230	
1	3375.000	-56.195	
1	3376.000	-56.135	
1	3377.000	-56.103	
1	3378.000	-56.129	
1	3379.000	-56.193	
1	3380.000	-56.241	
1	3381.000	-56.278	
1	3382.000	-56.276	
1	3383.000	-56.297	
1	3384.000	-56.359	
1	3385.000	-56.461	
1	3386.000	-56.552	
1	3387.000	-56.601	
1	3388.000	-56.615	
1	3389.000	-56.635	
1	3390.000	-56.683	
1	3391.000	-56.689	
1	3392.000	-56.669	
1	3393.000	-56.617	
1	3394.000	-56.570	
1	3395.000	-56.516	
1	3396.000	-56.400	
1	3397.000	-56.252	
1	3398.000	-56.107	
1	3399.000	-55.989	
1	3400.000	-55.924	
1	3401.000	-55.886	
1	3402.000	-55.846	
1	3403.000	-55.806	
1	3404.000	-55.785	
1	3405.000	-55.781	
1	3406.000	-55.753	
1	3407.000	-55.730	
1	3408.000	-55.758	
1	3409.000	-55.859	
1	3410.000	-56.012	
1	3411.000	-56.154	
1	3412.000	-56.266	
1	3413.000	-56.400	
1	3414.000	-56.544	
1	3415.000	-56.647	
1	3416.000	-56.719	
1	3417.000	-56.763	
1	3418.000	-56.799	
1	3419.000	-56.846	
1	3420.000	-56.888	
1	3421.000	-56.905	
1	3422.000	-56.885	
1	3423.000	-56.812	
1	3424.000	-56.706	
1	3425.000	-56.597	
1	3426.000	-56.474	
1	3427.000	-56.345	
1	3428.000	-56.226	
1	3429.000	-56.095	
1	3430.000	-55.944	
1	3431.000	-55.781	
1	3432.000	-55.639	
1	3433.000	-55.548	
1	3434.000	-55.514	
1	3435.000	-55.469	
1	3436.000	-55.403	
1	3437.000	-55.340	
1	3438.000	-55.322	
1	3439.000	-55.356	
1	3440.000	-55.395	
1	3441.000	-55.427	
1	3442.000	-55.439	
1	3443.000	-55.437	
1	3444.000	-55.409	
1	3445.000	-55.373	
1	3446.000	-55.334	
1	3447.000	-55.328	
1	3448.000	-55.318	
1	3449.000	-55.297	
1	3450.000	-55.260	
1	3451.000	-55.242	
1	3452.000	-55.200	
1	3453.000	-55.164	
1	3454.000	-55.141	
1	3455.000	-55.150	
1	3456.000	-55.210	
1	3457.000	-55.309	
1	3458.000	-55.435	
1	3459.000	-55.584	
1	3460.000	-55.729	
1	3461.000	-55.848	
1	3462.000	-55.970	
1	3463.000	-56.069	
1	3464.000	-56.117	
1	3465.000	-56.148	
1	3466.000	-56.168	
1	3467.000	-56.153	
1	3468.000	-56.138	
1	3469.000	-56.149	
1	3470.000	-56.166	
1	3471.000	-56.178	
1	3472.000	-56.181	
1	3473.000	-56.164	
1	3474.000	-56.128	
1	3475.000	-56.095	
1	3476.000	-56.092	
1	3477.000	-56.111	
1	3478.000	-56.117	
1	3479.000	-56.091	
1	3480.000	-56.043	
1	3481.000	-56.033	
1	3482.000	-56.078	
1	3483.000	-56.156	
1	3484.000	-56.214	
1	3485.000	-56.258	
1	3486.000	-56.278	
1	3487.000	-56.278	
1	3488.000	-56.298	
1	3489.000	-56.320	
1	3490.000	-56.348	
1	3491.000	-56.374	
1	3492.000	-56.411	
1	3493.000	-56.476	
1	3494.000	-56.534	
1	3495.000	-56.538	
1	3496.000	-56.521	
1	3497.000	-56.495	
1	3498.000	-56.461	
1	3499.000	-56.400	
1	3500.000	-56.286	
1	3501.000	-56.155	
1	3502.000	-56.058	
1	3503.000	-55.945	
1	3504.000	-55.828	
1	3505.000	-55.718	
1	3506.000	-55.613	
1	3507.000	-55.543	
1	3508.000	-55.507	
1	3509.000	-55.479	
1	3510.000	-55.467	
1	3511.000	-55.466	
1	3512.000	-55.484	
1	3513.000	-55.550	
1	3514.000	-55.592	
1	3515.000	-55.562	
1	3516.000	-55.510	
1	3517.000	-55.451	
1	3518.000	-55.394	
1	3519.000	-55.361	
1	3520.000	-55.348	
1	3521.000	-55.299	
1	3522.000	-55.233	
1	3523.000	-55.148	
1	3524.000	-55.073	
1	3525.000	-55.021	
1	3526.000	-70.000	
1	3527.000	-70.000	
1	3528.000	-69.254	
1	3529.000	-67.896	
1	3530.000	-66.704	
1	3531.000	-65.653	
1	3532.000	-64.744	
1	3533.000	-63.906	
1	3534.000	-63.087	
1	3535.000	-62.308	
1	3536.000	-61.583	
1	3537.000	-60.972	
1	3538.000	-60.478	
1	3539.000	-60.076	
1	3540.000	-59.723	
1	3541.000	-59.389	
1	3542.000	-59.086	
1	3543.000	-58.839	
1	3544.000	-58.612	
1	3545.000	-58.366	
1	3546.000	-58.132	
1	3547.000	-57.943	
1	3548.000	-57.766	
1	3549.000	-57.556	
1	3550.000	-57.316	
1	3551.000	-57.064	
1	3552.000	-56.843	
1	3553.000	-56.644	
1	3554.000	-56.442	
1	3555.000	-56.270	
1	3556.000	-56.123	
1	3557.000	-55.987	
1	3558.000	-55.850	
1	3559.000	-55.733	
1	3560.000	-55.631	
1	3561.000	-55.536	
1	3562.000	-55.438	
1	3563.000	-55.367	
1	3564.000	-55.301	
1	3565.000	-55.232	
1	3566.000	-55.170	
1	3567.000	-55.140	
1	3568.000	-55.141	
1	3569.000	-55.174	
1	3570.000	-55.245	
1	3571.000	-55.323	
1	3572.000	-55.410	
1	3573.000	-55.487	
1	3574.000	-55.551	
1	3575.000	-55.603	
1	3576.000	-55.667	
1	3577.000	-55.740	
1	3578.000	-55.829	
1	3579.000	-55.906	
1	3580.000	-55.945	
1	3581.000	-55.928	
1	3582.000	-55.904	
1	3583.000	-55.842	
1	3584.000	-55.739	
1	3585.000	-55.624	
1	3586.000	-55.572	
1	3587.000	-55.529	
1	3588.000	-55.447	
1	3589.000	-55.348	
1	3590.000	-55.241	
1	3591.000	-55.121	
1	3592.000	-55.030	
1	3593.000	-70.000	
1	3594.000	-70.000	
1	3595.000	-69.263	
1	3596.000	-67.893	
1	3597.000	-66.667	
1	3598.000	-65.569	
1	3599.000	-64.578	
1	3600.000	-63.622	
1	3601.000	-62.711	
1	3602.000	-61.864	
1	3603.000	-61.102	
1	3604.000	-60.453	
1	3605.000	-59.893	
1	3606.000	-59.405	
1	3607.000	-59.004	
1	3608.000	-58.691	
1	3609.000	-58.482	
1	3610.000	-58.307	
1	3611.000	-58.090	
1	3612.000	-57.859	
1	3613.000	-57.625	
1	3614.000	-57.422	
1	3615.000	-57.225	
1	3616.000	-57.031	
1	3617.000	-56.852	
1	3618.000	-56.660	
1	3619.000	-56.495	
1	3620.000	-56.414	
1	3621.000	-56.374	
1	3622.000	-56.339	
1	3623.000	-56.290	
1	3624.000	-56.286	
1	3625.000	-56.320	
1	3626.000	-56.407	
1	3627.000	-56.511	
1	3628.000	-56.577	
1	3629.000	-56.604	
1	3630.000	-56.602	
1	3631.000	-56.595	
1	3632.000	-56.579	
1	3633.000	-56.556	
1	3634.000	-56.526	
1	3635.000	-56.450	
1	3636.000	-56.354	
1	3637.000	-56.259	
1	3638.000	-56.197	
1	3639.000	-56.150	
1	3640.000	-56.090	
1	3641.000	-56.017	
1	3642.000	-55.933	
1	3643.000	-55.865	
1	3644.000	-55.839	
1	3645.000	-55.865	
1	3646.000	-55.904	
1	3647.000	-55.942	
1	3648.000	-56.021	
1	3649.000	-56.116	
1	3650.000	-56.178	
1	3651.000	-56.198	
1	3652.000	-56.218	
1	3653.000	-56.214	
1	3654.000	-56.129	
1	3655.000	-56.019	
1	3656.000	-55.951	
1	3657.000	-55.941	
1	3658.000	-55.963	
1	3659.000	-55.998	
1	3660.000	-56.066	
1	3661.000	-56.174	
1	3662.000	-56.287	
1	3663.000	-56.392	
1	3664.000	-56.476	
1	3665.000	-56.536	
1	3666.000	-56.561	
1	3667.000	-56.569	
1	3668.000	-56.546	
1	3669.000	-56.490	
1	3670.000	-56.424	
1	3671.000	-56.352	
1	3672.000	-56.285	
1	3673.000	-56.253	
1	3674.000	-56.261	
1	3675.000	-56.224	
1	3676.000	-56.164	
1	3677.000	-56.102	
1	3678.000	-56.050	
1	3679.000	-56.004	
1	3680.000	-56.000	
1	3681.000	-56.037	
1	3682.000	-56.069	
1	3683.000	-56.103	
1	3684.000	-56.139	
1	3685.000	-56.192	
1	3686.000	-56.272	
1	3687.000	-56.342	
1	3688.000	-56.388	
1	3689.000	-56.438	
1	3690.000	-56.496	
1	3691.000	-56.561	
1	3692.000	-56.625	
1	3693.000	-56.703	
1	3694.000	-56.807	
1	3695.000	-56.908	
1	3696.000	-57.002	
1	3697.000	-57.092	
1	3698.000	-57.167	
1	3699.000	-57.221	
1	3700.000	-57.234	
1	3701.000	-57.212	
1	3702.000	-57.151	
1	3703.000	-57.069	
1	3704.000	-57.041	
1	3705.000	-57.068	
1	3706.000	-57.108	
1	3707.000	-57.127	
1	3708.000	-57.099	
1	3709.000	-57.044	
1	3710.000	-57.016	
1	3711.000	-57.026	
1	3712.000	-57.049	
1	3713.000	-57.043	
1	3714.000	-56.980	
1	3715.000	-56.882	
1	3716.000	-56.797	
1	3717.000	-56.708	
1	3718.000	-56.609	
1	3719.000	-56.490	
1	3720.000	-56.371	
1	3721.000	-56.270	
1	3722.000	-56.218	
1	3723.000	-56.176	
1	3724.000	-56.135	
1	3725.000	-56.121	
1	3726.000	-56.152	
1	3727.000	-56.165	
1	3728.000	-56.158	
1	3729.000	-56.147	
1	3730.000	-56.121	
1	3731.000	-56.086	
1	3732.000	-56.060	
1	3733.000	-55.972	
1	3734.000	-55.843	
1	3735.000	-55.673	
1	3736.000	-55.500	
1	3737.000	-55.369	
1	3738.000	-55.283	
1	3739.000	-55.264	
1	3740.000	-55.331	
1	3741.000	-55.440	
1	3742.000	-55.534	
1	3743.000	-55.620	
1	3744.000	-55.750	
1	3745.000	-55.940	
1	3746.000	-56.123	
1	3747.000	-56.266	
1	3748.000	-56.357	
1	3749.000	-56.411	
1	3750.000	-56.440	
1	3751.000	-56.417	
1	3752.000	-56.386	
1	3753.000	-56.348	
1	3754.000	-56.312	
1	3755.000	-56.279	
1	3756.000	-56.250	
1	3757.000	-56.233	
1	3758.000	-56.212	
1	3759.000	-56.218	
1	3760.000	-56.222	
1	3761.000	-56.214	
1	3762.000	-56.172	
1	3763.000	-56.119	
1	3764.000	-56.111	
1	3765.000	-56.156	
1	3766.000	-56.240	
1	3767.000	-56.298	
1	3768.000	-56.318	
1	3769.000	-56.317	
1	3770.000	-56.296	
1	3771.000	-56.236	
1	3772.000	-56.144	
1	3773.000	-56.053	
1	3774.000	-55.950	
1	3775.000	-55.845	
1	3776.000	-55.756	
1	3777.000	-55.683	
1	3778.000	-55.649	
1	3779.000	-55.696	
1	3780.000	-55.801	
1	3781.000	-55.931	
1	3782.000	-56.064	
1	3783.000	-56.147	
1	3784.000	-56.203	
1	3785.000	-56.294	
1	3786.000	-56.380	
1	3787.000	-56.446	
1	3788.000	-56.497	
1	3789.000	-56.513	
1	3790.000	-56.481	
1	3791.000	-56.444	
1	3792.000	-56.413	
1	3793.000	-56.356	
1	3794.000	-56.292	
1	3795.000	-56.191	
1	3796.000	-56.097	
1	3797.000	-56.023	
1	3798.000	-55.945	
1	3799.000	-55.848	
1	3800.000	-55.762	
1	3801.000	-55.690	
1	3802.000	-55.643	
1	3803.000	-55.647	
1	3804.000	-55.702	
1	3805.000	-55.769	
1	3806.000	-55.790	
1	3807.000	-55.744	
1	3808.000	-55.678	
1	3809.000	-55.593	
1	3810.000	-55.494	
1	3811.000	-55.415	
1	3812.000	-55.380	
1	3813.000	-55.343	
1	3814.000	-55.338	
1	3815.000	-55.354	
1	3816.000	-55.378	
1	3817.000	-55.407	
1	3818.000	-55.450	
1	3819.000	-55.498	
1	3820.000	-55.542	
1	3821.000	-55.557	
1	3822.000	-55.528	
1	3823.000	-55.494	
1	3824.000	-55.489	
1	3825.000	-55.516	
1	3826.000	-55.524	
1	3827.000	-55.499	
1	3828.000	-55.486	
1	3829.000	-55.461	
1	3830.000	-55.415	
1	3831.000	-55.360	
1	3832.000	-55.233	
1	3833.000	-55.092	
1	3834.000	-70.000	
1	3835.000	-70.000	
1	3836.000	-69.846	
1	3837.000	-68.395	
1	3838.000	-67.112	
1	3839.000	-65.983	
1	3840.000	-65.042	
1	3841.000	-64.224	
1	3842.000	-63.483	
1	3843.000	-62.823	
1	3844.000	-62.215	
1	3845.000	-61.667	
1	3846.000	-61.179	
1	3847.000	-60.742	
1	3848.000	-60.335	
1	3849.000	-59.940	
1	3850.000	-59.551	
1	3851.000	-59.211	
1	3852.000	-58.954	
1	3853.000	-58.757	
1	3854.000	-58.605	
1	3855.000	-58.463	
1	3856.000	-58.309	
1	3857.000	-58.129	
1	3858.000	-57.909	
1	3859.000	-57.696	
1	3860.000	-57.562	
1	3861.000	-57.484	
1	3862.000	-57.387	
1	3863.000	-57.266	
1	3864.000	-57.142	
1	3865.000	-57.040	
1	3866.000	-56.948	
1	3867.000	-56.821	
1	3868.000	-56.675	
1	3869.000	-56.521	
1	3870.000	-56.399	
1	3871.000	-56.277	
1	3872.000	-56.143	
1	3873.000	-55.982	
1	3874.000	-55.800	
1	3875.000	-55.612	
1	3876.000	-55.438	
1	3877.000	-55.299	
1	3878.000	-55.215	
1	3879.000	-55.179	
1	3880.000	-55.217	
1	3881.000	-55.288	
1	3882.000	-55.342	
1	3883.000	-55.406	
1	3884.000	-55.485	
1	3885.000	-55.543	
1	3886.000	-55.554	
1	3887.000	-55.521	
1	3888.000	-55.475	
1	3889.000	-55.497	
1	3890.000	-55.586	
1	3891.000	-55.662	
1	3892.000	-55.726	
1	3893.000	-55.776	
1	3894.000	-55.817	
1	3895.000	-55.868	
1	3896.000	-55.946	
1	3897.000	-56.055	
1	3898.000	-56.158	
1	3899.000	-56.242	
1	3900.000	-56.309	
1	3901.000	-56.353	
1	3902.000	-56.352	
1	3903.000	-56.306	
1	3904.000	-56.273	
1	3905.000	-56.258	
1	3906.000	-56.252	
1	3907.000	-56.226	
1	3908.000	-56.191	
1	3909.000	-56.134	
1	3910.000	-56.062	
1	3911.000	-55.978	
1	3912.000	-55.871	
1	3913.000	-55.786	
1	3914.000	-55.742	
1	3915.000	-55.726	
1	3916.000	-55.721	
1	3917.000	-55.746	
1	3918.000	-55.785	
1	3919.000	-55.828	
1	3920.000	-55.892	
1	3921.000	-55.939	
1	3922.000	-55.938	
1	3923.000	-55.905	
1	3924.000	-55.897	
1	3925.000	-55.910	
1	3926.000	-55.919	
1	3927.000	-55.903	
1	3928.000	-55.888	
1	3929.000	-55.896	
1	3930.000	-55.915	
1	3931.000	-55.954	
1	3932.000	-56.030	
1	3933.000	-56.134	
1	3934.000	-56.285	
1	3935.000	-56.460	
1	3936.000	-56.570	
1	3937.000	-56.587	
1	3938.000	-56.593	
1	3939.000	-56.616	
1	3940.000	-56.666	
1	3941.000	-56.755	
1	3942.000	-56.841	
1	3943.000	-56.910	
1	3944.000	-56.977	
1	3945.000	-57.000	
1	3946.000	-56.947	
1	3947.000	-56.853	
1	3948.000	-56.728	
1	3949.000	-56.634	
1	3950.000	-56.586	
1	3951.000	-56.569	
1	3952.000	-56.549	
1	3953.000	-56.497	
1	3954.000	-56.417	
1	3955.000	-56.327	
1	3956.000	-56.238	
1	3957.000	-56.173	
1	3958.000	-56.135	
1	3959.000	-56.074	
1	3960.000	-56.028	
1	3961.000	-56.029	
1	3962.000	-56.035	
1	3963.000	-56.026	
1	3964.000	-56.045	
1	3965.000	-56.083	
1	3966.000	-56.128	
1	3967.000	-56.167	
1	3968.000	-56.193	
1	3969.000	-56.214	
1	3970.000	-56.229	
1	3971.000	-56.232	
1	3972.000	-56.257	
1	3973.000	-56.308	
1	3974.000	-56.369	
1	3975.000	-56.435	
1	3976.000	-56.537	
1	3977.000	-56.649	
1	3978.000	-56.739	
1	3979.000	-56.788	
1	3980.000	-56.786	
1	3981.000	-56.761	
1	3982.000	-56.717	
1	3983.000	-56.681	
1	3984.000	-56.700	
1	3985.000	-56.770	
1	3986.000	-56.832	
1	3987.000	-56.843	
1	3988.000	-56.841	
1	3989.000	-56.857	
1	3990.000	-56.904	
1	3991.000	-56.950	
1	3992.000	-56.954	
1	3993.000	-56.906	
1	3994.000	-56.825	
1	3995.000	-56.735	
1	3996.000	-56.650	
1	3997.000	-56.619	
1	3998.000	-56.635	
1	3999.000	-56.608	
1	4000.000	-56.524	
1	4001.000	-56.444	
1	4002.000	-56.353	
1	4003.000	-56.268	
1	4004.000	-56.206	
1	4005.000	-56.143	
1	4006.000	-56.116	
1	4007.000	-56.103	
1	4008.000	-56.116	
1	4009.000	-56.171	
1	4010.000	-56.189	
1	4011.000	-56.167	
1	4012.000	-56.133	
1	4013.000	-56.099	
1	4014.000	-56.085	
1	4015.000	-56.036	
1	4016.000	-55.944	
1	4017.000	-55.831	
1	4018.000	-55.727	
1	4019.000	-55.604	
1	4020.000	-55.500	
1	4021.000	-55.436	
1	4022.000	-55.429	
1	4023.000	-55.465	
1	4024.000	-55.548	
1	4025.000	-55.691	
1	4026.000	-55.862	
1	4027.000	-55.997	
1	4028.000	-56.089	
1	4029.000	-56.179	
1	4030.000	-56.277	
1	4031.000	-56.362	
1	4032.000	-56.453	
1	4033.000	-56.574	
1	4034.000	-56.723	
1	4035.000	-56.833	
1	4036.000	-56.890	
1	4037.000	-56.901	
1	4038.000	-56.877	
1	4039.000	-56.844	
1	4040.000	-56.813	
1	4041.000	-56.765	
1	4042.000	-56.744	
1	4043.000	-56.737	
1	4044.000	-56.727	
1	4045.000	-56.723	
1	4046.000	-56.749	
1	4047.000	-56.737	
1	4048.000	-56.695	
1	4049.000	-56.644	
1	4050.000	-56.593	
1	4051.000	-56.589	
1	4052.000	-56.627	
1	4053.000	-56.698	
1	4054.000	-56.788	
1	4055.000	-56.834	
1	4056.000	-56.851	
1	4057.000	-56.848	
1	4058.000	-56.835	
1	4059.000	-56.770	
1	4060.000	-56.685	
1	4061.000	-56.578	
1	4062.000	-56.470	
1	4063.000	-56.394	
1	4064.000	-56.376	
1	4065.000	-56.432	
1	4066.000	-56.522	
1	4067.000	-56.609	
1	4068.000	-56.683	
1	4069.000	-56.736	
1	4070.000	-56.771	
1	4071.000	-56.735	
1	4072.000	-56.680	
1	4073.000	-56.611	
1	4074.000	-56.510	
1	4075.000	-56.438	
1	4076.000	-56.390	
1	4077.000	-56.301	
1	4078.000	-56.174	
1	4079.000	-56.055	
1	4080.000	-55.999	
1	4081.000	-56.007	
1	4082.000	-56.088	
1	4083.000	-56.168	
1	4084.000	-56.227	
1	4085.000	-56.251	
1	4086.000	-56.258	
1	4087.000	-56.262	
1	4088.000	-56.264	
1	4089.000	-56.261	
1	4090.000	-56.228	
1	4091.000	-56.173	
1	4092.000	-56.103	
1	4093.000	-56.051	
1	4094.000	-56.033	
1	4095.000	-56.009	
1	4096.000	-55.961	
1	4097.000	-55.892	
1	4098.000	-55.839	
1	4099.000	-55.827	
1	4100.000	-55.816	
1	4101.000	-55.758	
1	4102.000	-55.676	
1	4103.000	-55.619	
1	4104.000	-55.607	
1	4105.000	-55.618	
1	4106.000	-55.612	
1	4107.000	-55.591	
1	4108.000	-55.606	
1	4109.000	-55.641	
1	4110.000	-55.687	
1	4111.000	-55.751	
1	4112.000	-55.844	
1	4113.000	-55.946	
1	4114.000	-56.018	
1	4115.000	-56.077	
1	4116.000	-56.141	
1	4117.000	-56.198	
1	4118.000	-56.253	
1	4119.000	-56.296	
1	4120.000	-56.313	
1	4121.000	-56.315	
1	4122.000	-56.301	
1	4123.000	-56.281	
1	4124.000	-56.237	
1	4125.000	-56.225	
1	4126.000	-56.191	
1	4127.000	-56.101	
1	4128.000	-55.983	
1	4129.000	-55.890	
1	4130.000	-55.836	
1	4131.000	-55.802	
1	4132.000	-55.791	
1	4133.000	-55.779	
1	4134.000	-55.776	
1	4135.000	-55.795	
1	4136.000	-55.832	
1	4137.000	-55.858	
1	4138.000	-55.879	
1	4139.000	-55.925	
1	4140.000	-55.979	
1	4141.000	-56.061	
1	4142.000	-56.169	
1	4143.000	-56.270	
1	4144.000	-56.355	
1	4145.000	-56.420	
1	4146.000	-56.456	
1	4147.000	-56.443	
1	4148.000	-56.409	
1	4149.000	-56.379	
1	4150.000	-56.367	
1	4151.000	-56.376	
1	4152.000	-56.373	
1	4153.000	-56.335	
1	4154.000	-56.292	
1	4155.000	-56.209	
1	4156.000	-56.110	
1	4157.000	-56.009	
1	4158.000	-55.899	
1	4159.000	-55.798	
1	4160.000	-55.699	
1	4161.000	-55.640	
1	4162.000	-55.585	
1	4163.000	-55.527	
1	4164.000	-55.484	
1	4165.000	-55.502	
1	4166.000	-55.574	
1	4167.000	-55.684	
1	4168.000	-55.808	
1	4169.000	-55.919	
1	4170.000	-55.974	
1	4171.000	-55.974	
1	4172.000	-55.967	
1	4173.000	-55.960	
1	4174.000	-55.962	
1	4175.000	-56.007	
1	4176.000	-56.064	
1	4177.000	-56.072	
1	4178.000	-56.038	
1	4179.000	-55.977	
1	4180.000	-55.907	
1	4181.000	-55.852	
1	4182.000	-55.842	
1	4183.000	-55.838	
1	4184.000	-55.824	
1	4185.000	-55.784	
1	4186.000	-55.715	
1	4187.000	-55.652	
1	4188.000	-55.604	
1	4189.000	-55.572	
1	4190.000	-55.561	
1	4191.000	-55.568	
1	4192.000	-55.579	
1	4193.000	-55.640	
1	4194.000	-55.742	
1	4195.000	-55.840	
1	4196.000	-55.858	
1	4197.000	-55.792	
1	4198.000	-55.706	
1	4199.000	-55.622	
1	4200.000	-55.598	
1	4201.000	-55.594	
1	4202.000	-55.587	
1	4203.000	-55.575	
1	4204.000	-55.601	
1	4205.000	-55.662	
1	4206.000	-55.719	
1	4207.000	-55.748	
1	4208.000	-55.736	
1	4209.000	-55.729	
1	4210.000	-55.770	
1	4211.000	-55.839	
1	4212.000	-55.884	
1	4213.000	-55.883	
1	4214.000	-55.866	
1	4215.000	-55.835	
1	4216.000	-55.822	
1	4217.000	-55.823	
1	4218.000	-55.864	
1	4219.000	-55.928	
1	4220.000	-56.004	
1	4221.000	-56.097	
1	4222.000	-56.198	
1	4223.000	-56.296	
1	4224.000	-56.406	
1	4225.000	-56.510	
1	4226.000	-56.589	
1	4227.000	-56.614	
1	4228.000	-56.589	
1	4229.000	-56.526	
1	4230.000	-56.442	
1	4231.000	-56.367	
1	4232.000	-56.269	
1	4233.000	-56.157	
1	4234.000	-56.057	
1	4235.000	-56.033	
1	4236.000	-56.091	
1	4237.000	-56.163	
1	4238.000	-56.197	
1	4239.000	-56.216	
1	4240.000	-56.260	
1	4241.000	-56.360	
1	4242.000	-56.459	
1	4243.000	-56.525	
1	4244.000	-56.603	
1	4245.000	-56.653	
1	4246.000	-56.660	
1	4247.000	-56.613	
1	4248.000	-56.538	
1	4249.000	-56.478	
1	4250.000	-56.451	
1	4251.000	-56.475	
1	4252.000	-56.481	
1	4253.000	-56.442	
1	4254.000	-56.382	
1	4255.000	-56.332	
1	4256.000	-56.302	
1	4257.000	-56.278	
1	4258.000	-56.283	
1	4259.000	-56.352	
1	4260.000	-56.419	
1	4261.000	-56.437	
1	4262.000	-56.430	
1	4263.000	-56.395	
1	4264.000	-56.372	
1	4265.000	-56.352	
1	4266.000	-56.347	
1	4267.000	-56.342	
1	4268.000	-56.305	
1	4269.000	-56.274	
1	4270.000	-56.235	
1	4271.000	-56.154	
1	4272.000	-56.070	
1	4273.000	-55.995	
1	4274.000	-55.906	
1	4275.000	-55.810	
1	4276.000	-55.719	
1	4277.000	-55.631	
1	4278.000	-55.588	
1	4279.000	-55.551	
1	4280.000	-55.509	
1	4281.000	-55.485	
1	4282.000	-55.452	
1	4283.000	-55.370	
1	4284.000	-55.306	
1	4285.000	-55.280	
1	4286.000	-55.264	
1	4287.000	-55.242	
1	4288.000	-55.201	
1	4289.000	-55.192	
1	4290.000	-55.203	
1	4291.000	-55.214	
1	4292.000	-55.232	
1	4293.000	-55.300	
1	4294.000	-55.440	
1	4295.000	-55.627	
1	4296.000	-55.799	
1	4297.000	-55.948	
1	4298.000	-56.013	
1	4299.000	-56.015	
1	4300.000	-56.007	
1	4301.000	-55.984	
1	4302.000	-55.907	
1	4303.000	-55.823	
1	4304.000	-55.796	
1	4305.000	-55.826	
1	4306.000	-55.876	
1	4307.000	-55.935	
1	4308.000	-55.995	
1	4309.000	-56.036	
1	4310.000	-56.050	
1	4311.000	-56.059	
1	4312.000	-56.057	
1	4313.000	-56.059	
1	4314.000	-56.082	
1	4315.000	-56.132	
1	4316.000	-56.201	
1	4317.000	-56.259	
1	4318.000	-56.340	
1	4319.000	-56.468	
1	4320.000	-56.609	
1	4321.000	-56.708	
1	4322.000	-56.724	
1	4323.000	-56.693	
1	4324.000	-56.657	
1	4325.000	-56.622	
1	4326.000	-56.586	
1	4327.000	-56.567	
1	4328.000	-56.559	
1	4329.000	-56.538	
1	4330.000	-56.499	
1	4331.000	-56.400	
1	4332.000	-56.246	
1	4333.000	-56.080	
1	4334.000	-55.946	
1	4335.000	-55.862	
1	4336.000	-55.800	
1	4337.000	-55.757	
1	4338.000	-55.712	
1	4339.000	-55.663	
1	4340.000	-55.569	
1	4341.000	-55.458	
1	4342.000	-55.355	
1	4343.000	-55.286	
1	4344.000	-55.242	
1	4345.000	-55.212	
1	4346.000	-55.198	
1	4347.000	-55.187	
1	4348.000	-55.200	
1	4349.000	-55.254	
1	4350.000	-55.349	
1	4351.000	-55.423	
1	4352.000	-55.458	
1	4353.000	-55.479	
1	4354.000	-55.532	
1	4355.000	-55.581	
1	4356.000	-55.615	
1	4357.000	-55.611	
1	4358.000	-55.571	
1	4359.000	-55.545	
1	4360.000	-55.560	
1	4361.000	-55.596	
1	4362.000	-55.627	
1	4363.000	-55.652	
1	4364.000	-55.663	
1	4365.000	-55.706	
1	4366.000	-55.800	
1	4367.000	-55.946	
1	4368.000	-56.094	
1	4369.000	-56.214	
1	4370.000	-56.315	
1	4371.000	-56.366	
1	4372.000	-56.409	
1	4373.000	-56.447	
1	4374.000	-56.494	
1	4375.000	-56.531	
1	4376.000	-56.583	
1	4377.000	-56.652	
1	4378.000	-56.748	
1	4379.000	-56.857	
1	4380.000	-56.942	
1	4381.000	-56.993	
1	4382.000	-56.990	
1	4383.000	-56.976	
1	4384.000	-56.987	
1	4385.000	-57.045	
1	4386.000	-57.113	
1	4387.000	-57.158	
1	4388.000	-57.117	
1	4389.000	-57.027	
1	4390.000	-56.913	
1	4391.000	-56.845	
1	4392.000	-56.813	
1	4393.000	-56.779	
1	4394.000	-56.751	
1	4395.000	-56.722	
1	4396.000	-56.700	
1	4397.000	-56.692	
1	4398.000	-56.656	
1	4399.000	-56.619	
1	4400.000	-56.570	
1	4401.000	-56.544	
1	4402.000	-56.517	
1	4403.000	-56.485	
1	4404.000	-56.452	
1	4405.000	-56.411	
1	4406.000	-56.386	
1	4407.000	-56.397	
1	4408.000	-56.432	
1	4409.000	-56.465	
1	4410.000	-56.476	
1	4411.000	-56.469	
1	4412.000	-56.441	
1	4413.000	-56.409	
1	4414.000	-56.389	
1	4415.000	-56.390	
1	4416.000	-56.458	
1	4417.000	-56.545	
1	4418.000	-56.610	
1	4419.000	-56.586	
1	4420.000	-56.496	
1	4421.000	-56.390	
1	4422.000	-56.331	
1	4423.000	-56.336	
1	4424.000	-56.355	
1	4425.000	-56.381	
1	4426.000	-56.424	
1	4427.000	-56.430	
1	4428.000	-56.395	
1	4429.000	-56.337	
1	4430.000	-56.239	
1	4431.000	-56.111	
1	4432.000	-55.981	
1	4433.000	-55.881	
1	4434.000	-55.819	
1	4435.000	-55.754	
1	4436.000	-55.721	
1	4437.000	-55.736	
1	4438.000	-55.769	
1	4439.000	-55.808	
1	4440.000	-55.848	
1	4441.000	-55.910	
1	4442.000	-55.935	
1	4443.000	-55.875	
1	4444.000	-55.774	
1	4445.000	-55.693	
1	4446.000	-55.661	
1	4447.000	-55.633	
1	4448.000	-55.623	
1	4449.000	-55.636	
1	4450.000	-55.687	
1	4451.000	-55.750	
1	4452.000	-55.809	
1	4453.000	-55.847	
1	4454.000	-55.824	
1	4455.000	-55.786	
1	4456.000	-55.767	
1	4457.000	-55.750	
1	4458.000	-55.723	
1	4459.000	-55.681	
1	4460.000	-55.636	
1	4461.000	-55.596	
1	4462.000	-55.554	
1	4463.000	-55.550	
1	4464.000	-55.556	
1	4465.000	-55.544	
1	4466.000	-55.535	
1	4467.000	-55.514	
1	4468.000	-55.482	
1	4469.000	-55.458	
1	4470.000	-55.456	
1	4471.000	-55.448	
1	4472.000	-55.445	
1	4473.000	-55.471	
1	4474.000	-55.485	
1	4475.000	-55.467	
1	4476.000	-55.442	
1	4477.000	-55.435	
1	4478.000	-55.434	
1	4479.000	-55.447	
1	4480.000	-55.448	
1	4481.000	-55.451	
1	4482.000	-55.490	
1	4483.000	-55.531	
1	4484.000	-55.558	
1	4485.000	-55.588	
1	4486.000	-55.627	
1	4487.000	-55.667	
1	4488.000	-55.687	
1	4489.000	-55.734	
1	4490.000	-55.813	
1	4491.000	-55.898	
1	4492.000	-56.006	
1	4493.000	-56.156	
1	4494.000	-56.337	
1	4495.000	-56.497	
1	4496.000	-56.588	
1	4497.000	-56.625	
1	4498.000	-56.644	
1	4499.000	-56.633	
1	4500.000	-56.592	
1	4501.000	-56.541	
1	4502.000	-56.508	
1	4503.000	-56.493	
1	4504.000	-56.471	
1	4505.000	-56.400	
1	4506.000	-56.313	
1	4507.000	-56.247	
1	4508.000	-56.199	
1	4509.000	-56.158	
1	4510.000	-56.097	
1	4511.000	-56.041	
1	4512.000	-55.958	
1	4513.000	-55.857	
1	4514.000	-55.769	
1	4515.000	-55.691	
1	4516.000	-55.608	
1	4517.000	-55.540	
1	4518.000	-55.511	
1	4519.000	-55.535	
1	4520.000	-55.592	
1	4521.000	-55.631	
1	4522.000	-55.632	
1	4523.000	-55.659	
1	4524.000	-55.713	
1	4525.000	-55.720	
1	4526.000	-55.697	
1	4527.000	-55.685	
1	4528.000	-55.690	
1	4529.000	-55.693	
1	4530.000	-55.719	
1	4531.000	-55.775	
1	4532.000	-55.828	
1	4533.000	-55.886	
1	4534.000	-55.937	
1	4535.000	-56.004	
1	4536.000	-56.054	
1	4537.000	-56.094	
1	4538.000	-56.128	
1	4539.000	-56.129	
1	4540.000	-56.127	
1	4541.000	-56.115	
1	4542.000	-56.073	
1	4543.000	-56.023	
1	4544.000	-55.986	
1	4545.000	-55.967	
1	4546.000	-55.967	
1	4547.000	-55.987	
1	4548.000	-56.008	
1	4549.000	-56.010	
1	4550.000	-55.991	
1	4551.000	-55.960	
1	4552.000	-55.926	
1	4553.000	-55.902	
1	4554.000	-55.924	
1	4555.000	-55.969	
1	4556.000	-55.997	
1	4557.000	-55.952	
1	4558.000	-55.888	
1	4559.000	-55.858	
1	4560.000	-55.846	
1	4561.000	-55.842	
1	4562.000	-55.847	
1	4563.000	-55.864	
1	4564.000	-55.844	
1	4565.000	-55.779	
1	4566.000	-55.678	
1	4567.000	-55.587	
1	4568.000	-55.545	
1	4569.000	-55.498	
1	4570.000	-55.434	
1	4571.000	-55.366	
1	4572.000	-55.309	
1	4573.000	-55.305	
1	4574.000	-55.338	
1	4575.000	-55.384	
1	4576.000	-55.410	
1	4577.000	-55.391	
1	4578.000	-55.371	
1	4579.000	-55.375	
1	4580.000	-55.369	
1	4581.000	-55.317	
1	4582.000	-55.237	
1	4583.000	-55.106	
1	4584.000	-70.000	
1	4585.000	-70.000	
1	4586.000	-69.531	
1	4587.000	-68.108	
1	4588.000	-66.891	
1	4589.000	-65.800	
1	4590.000	-64.778	
1	4591.000	-63.817	
1	4592.000	-62.987	
1	4593.000	-62.293	
1	4594.000	-61.690	
1	4595.000	-61.175	
1	4596.000	-60.746	
1	4597.000	-60.364	
1	4598.000	-59.971	
1	4599.000	-59.572	
1	4600.000	-59.175	
1	4601.000	-58.821	
1	4602.000	-58.532	
1	4603.000	-58.310	
1	4604.000	-58.129	
1	4605.000	-57.980	
1	4606.000	-57.844	
1	4607.000	-57.702	
1	4608.000	-57.598	
1	4609.000	-57.511	
1	4610.000	-57.427	
1	4611.000	-57.330	
1	4612.000	-57.283	
1	4613.000	-57.280	
1	4614.000	-57.266	
1	4615.000	-57.272	
1	4616.000	-57.281	
1	4617.000	-57.260	
1	4618.000	-57.210	
1	4619.000	-57.137	
1	4620.000	-57.090	
1	4621.000	-57.054	
1	4622.000	-56.987	
1	4623.000	-56.896	
1	4624.000	-56.805	
1	4625.000	-56.734	
1	4626.000	-56.668	
1	4627.000	-56.566	
1	4628.000	-56.435	
1	4629.000	-56.322	
1	4630.000	-56.204	
1	4631.000	-56.083	
1	4632.000	-55.963	
1	4633.000	-55.882	
1	4634.000	-55.861	
1	4635.000	-55.894	
1	4636.000	-55.927	
1	4637.000	-55.994	
1	4638.000	-55.999	
1	4639.000	-55.937	
1	4640.000	-55.876	
1	4641.000	-55.798	
1	4642.000	-55.707	
1	4643.000	-55.586	
1	4644.000	-55.472	
1	4645.000	-55.408	
1	4646.000	-55.369	
1	4647.000	-55.320	
1	4648.000	-55.288	
1	4649.000	-55.240	
1	4650.000	-55.188	
1	4651.000	-55.123	
1	4652.000	-55.097	
1	4653.000	-55.124	
1	4654.000	-55.179	
1	4655.000	-55.244	
1	4656.000	-55.286	
1	4657.000	-55.327	
1	4658.000	-55.391	
1	4659.000	-55.504	
1	4660.000	-55.664	
1	4661.000	-55.815	
1	4662.000	-55.935	
1	4663.000	-56.033	
1	4664.000	-56.092	
1	4665.000	-56.150	
1	4666.000	-56.200	
1	4667.000	-56.245	
1	4668.000	-56.295	
1	4669.000	-56.351	
1	4670.000	-56.407	
1	4671.000	-56.401	
1	4672.000	-56.354	
1	4673.000	-56.261	
1	4674.000	-56.140	
1	4675.000	-56.001	
1	4676.000	-55.885	
1	4677.000	-55.818	
1	4678.000	-55.826	
1	4679.000	-55.864	
1	4680.000	-55.905	
1	4681.000	-55.967	
1	4682.000	-56.034	
1	4683.000	-56.081	
1	4684.000	-56.092	
1	4685.000	-56.082	
1	4686.000	-56.078	
1	4687.000	-56.100	
1	4688.000	-56.138	
1	4689.000	-56.199	
1	4690.000	-56.269	
1	4691.000	-56.322	
1	4692.000	-56.354	
1	4693.000	-56.334	
1	4694.000	-56.304	
1	4695.000	-56.305	
1	4696.000	-56.352	
1	4697.000	-56.424	
1	4698.000	-56.485	
1	4699.000	-56.505	
1	4700.000	-56.523	
1	4701.000	-56.549	
1	4702.000	-56.541	
1	4703.000	-56.511	
1	4704.000	-56.502	
1	4705.000	-56.521	
1	4706.000	-56.529	
1	4707.000	-56.511	
1	4708.000	-56.456	
1	4709.000	-56.366	
1	4710.000	-56.276	
1	4711.000	-56.188	
1	4712.000	-56.056	
1	4713.000	-55.928	
1	4714.000	-55.866	
1	4715.000	-55.847	
1	4716.000	-55.813	
1	4717.000	-55.770	
1	4718.000	-55.737	
1	4719.000	-55.691	
1	4720.000	-55.604	
1	4721.000	-55.491	
1	4722.000	-55.418	
1	4723.000	-55.378	
1	4724.000	-55.349	
1	4725.000	-55.384	
1	4726.000	-55.468	
1	4727.000	-55.536	
1	4728.000	-55.586	
1	4729.000	-55.627	
1	4730.000	-55.651	
1	4731.000	-55.694	
1	4732.000	-55.711	
1	4733.000	-55.704	
1	4734.000	-55.707	
1	4735.000	-55.740	
1	4736.000	-55.784	
1	4737.000	-55.837	
1	4738.000	-55.906	
1	4739.000	-55.960	
1	4740.000	-55.975	
1	4741.000	-55.991	
1	4742.000	-56.009	
1	4743.000	-56.039	
1	4744.000	-56.089	
1	4745.000	-56.142	
1	4746.000	-56.214	
1	4747.000	-56.277	
1	4748.000	-56.329	
1	4749.000	-56.381	
1	4750.000	-56.412	
1	4751.000	-56.425	
1	4752.000	-56.412	
1	4753.000	-56.380	
1	4754.000	-56.300	
1	4755.000	-56.161	
1	4756.000	-55.999	
1	4757.000	-55.833	
1	4758.000	-55.724	
1	4759.000	-55.706	
1	4760.000	-55.756	
1	4761.000	-55.868	
1	4762.000	-56.003	
1	4763.000	-56.128	
1	4764.000	-56.193	
1	4765.000	-56.196	
1	4766.000	-56.177	
1	4767.000	-56.135	
1	4768.000	-56.083	
1	4769.000	-56.075	
1	4770.000	-56.113	
1	4771.000	-56.170	
1	4772.000	-56.268	
1	4773.000	-56.397	
1	4774.000	-56.536	
1	4775.000	-56.635	
1	4776.000	-56.686	
1	4777.000	-56.670	
1	4778.000	-56.593	
1	4779.000	-56.493	
1	4780.000	-56.382	
1	4781.000	-56.269	
1	4782.000	-56.150	
1	4783.000	-56.037	
1	4784.000	-55.934	
1	4785.000	-55.835	
1	4786.000	-55.754	
1	4787.000	-55.689	
1	4788.000	-55.661	
1	4789.000	-55.644	
1	4790.000	-55.614	
1	4791.000	-55.587	
1	4792.000	-55.583	
1	4793.000	-55.616	
1	4794.000	-55.684	
1	4795.000	-55.786	
1	4796.000	-55.926	
1	4797.000	-56.070	
1	4798.000	-56.220	
1	4799.000	-56.323	
1	4800.000	-56.385	
1	4801.000	-56.407	
1	4802.000	-56.421	
1	4803.000	-56.397	
1	4804.000	-56.369	
1	4805.000	-56.362	
1	4806.000	-56.328	
1	4807.000	-56.218	
1	4808.000	-56.055	
1	4809.000	-55.872	
1	4810.000	-55.702	
1	4811.000	-55.572	
1	4812.000	-55.478	
1	4813.000	-55.373	
1	4814.000	-55.284	
1	4815.000	-55.249	
1	4816.000	-55.244	
1	4817.000	-55.245	
1	4818.000	-55.251	
1	4819.000	-55.251	
1	4820.000	-55.287	
1	4821.000	-55.341	
1	4822.000	-55.392	
1	4823.000	-55.422	
1	4824.000	-55.427	
1	4825.000	-55.446	
1	4826.000	-55.492	
1	4827.000	-55.578	
1	4828.000	-55.640	
1	4829.000	-55.685	
1	4830.000	-55.736	
1	4831.000	-55.764	
1	4832.000	-55.788	
1	4833.000	-55.838	
1	4834.000	-55.897	
1	4835.000	-55.973	
1	4836.000	-56.032	
1	4837.000	-56.046	
1	4838.000	-56.038	
1	4839.000	-56.052	
1	4840.000	-56.052	
1	4841.000	-55.980	
1	4842.000	-55.881	
1	4843.000	-55.813	
1	4844.000	-55.766	
1	4845.000	-55.736	
1	4846.000	-55.712	
1	4847.000	-55.688	
1	4848.000	-55.677	
1	4849.000	-55.679	
1	4850.000	-55.704	
1	4851.000	-55.748	
1	4852.000	-55.827	
1	4853.000	-55.880	
1	4854.000	-55.881	
1	4855.000	-55.856	
1	4856.000	-55.857	
1	4857.000	-55.869	
1	4858.000	-55.865	
1	4859.000	-55.874	
1	4860.000	-55.884	
1	4861.000	-55.934	
1	4862.000	-56.004	
1	4863.000	-56.094	
1	4864.000	-56.180	
1	4865.000	-56.259	
1	4866.000	-56.313	
1	4867.000	-56.320	
1	4868.000	-56.319	
1	4869.000	-56.344	
1	4870.000	-56.377	
1	4871.000	-56.369	
1	4872.000	-56.365	
1	4873.000	-56.370	
1	4874.000	-56.341	
1	4875.000	-56.320	
1	4876.000	-56.285	
1	4877.000	-56.237	
1	4878.000	-56.164	
1	4879.000	-56.095	
1	4880.000	-56.073	
1	4881.000	-56.079	
1	4882.000	-56.105	
1	4883.000	-56.091	
1	4884.000	-56.040	
1	4885.000	-56.033	
1	4886.000	-56.080	
1	4887.000	-56.110	
1	4888.000	-56.125	
1	4889.000	-56.135	
1	4890.000	-56.144	
1	4891.000	-56.198	
1	4892.000	-56.238	
1	4893.000	-56.240	
1	4894.000	-56.190	
1	4895.000	-56.103	
1	4896.000	-56.011	
1	4897.000	-55.903	
1	4898.000	-55.759	
1	4899.000	-55.566	
1	4900.000	-55.381	
1	4901.000	-55.242	
1	4902.000	-55.171	
1	4903.000	-55.190	
1	4904.000	-55.271	
1	4905.000	-55.384	
1	4906.000	-55.481	
1	4907.000	-55.577	
1	4908.000	-55.659	
1	4909.000	-55.702	
1	4910.000	-55.755	
1	4911.000	-55.829	
1	4912.000	-55.903	
1	4913.000	-55.937	
1	4914.000	-55.932	
1	4915.000	-55.940	
1	4916.000	-55.961	
1	4917.000	-55.966	
1	4918.000	-55.948	
1	4919.000	-55.896	
1	4920.000	-55.844	
1	4921.000	-55.838	
1	4922.000	-55.881	
1	4923.000	-55.924	
1	4924.000	-56.005	
1	4925.000	-56.079	
1	4926.000	-56.151	
1	4927.000	-56.181	
1	4928.000	-56.165	
1	4929.000	-56.102	
1	4930.000	-55.982	
1	4931.000	-55.846	
1	4932.000	-55.731	
1	4933.000	-55.635	
1	4934.000	-55.577	
1	4935.000	-55.545	
1	4936.000	-55.547	
1	4937.000	-55.559	
1	4938.000	-55.614	
1	4939.000	-55.686	
1	4940.000	-55.750	
1	4941.000	-55.738	
1	4942.000	-55.682	
1	4943.000	-55.630	
1	4944.000	-55.597	
1	4945.000	-55.574	
1	4946.000	-55.571	
1	4947.000	-55.589	
1	4948.000	-55.573	
1	4949.000	-55.524	
1	4950.000	-55.451	
1	4951.000	-55.347	
1	4952.000	-55.222	
1	4953.000	-55.106	
1	4954.000	-55.027	
1	4955.000	-70.000	
1	4956.000	-70.000	
1	4957.000	-69.077	
1	4958.000	-67.669	
1	4959.000	-66.413	
1	4960.000	-65.278	
1	4961.000	-64.262	
1	4962.000	-63.409	
1	4963.000	-62.734	
1	4964.000	-62.190	
1	4965.000	-61.685	
1	4966.000	-61.219	
1	4967.000	-60.784	
1	4968.000	-60.395	
1	4969.000	-60.053	
1	4970.000	-59.742	
1	4971.000	-59.452	
1	4972.000	-59.190	
1	4973.000	-58.983	
1	4974.000	-58.807	
1	4975.000	-58.644	
1	4976.000	-58.517	
1	4977.000	-58.411	
1	4978.000	-58.286	
1	4979.000	-58.113	
1	4980.000	-57.861	
1	4981.000	-57.573	
1	4982.000	-57.312	
1	4983.000	-57.122	
1	4984.000	-56.992	
1	4985.000	-56.898	
1	4986.000	-56.823	
1	4987.000	-56.755	
1	4988.000	-56.715	
1	4989.000	-56.669	
1	4990.000	-56.614	
1	4991.000	-56.566	
1	4992.000	-56.526	
1	4993.000	-56.496	
1	4994.000	-56.464	
1	4995.000	-56.441	
1	4996.000	-56.432	
1	4997.000	-56.400	
1	4998.000	-56.339	
1	4999.000	-56.270	
