1	1.000	-70.000	
1	2.000	-69.976	
1	3.000	-69.808	
1	4.000	-69.461	
1	5.000	-68.987	
1	6.000	-68.429	
1	7.000	-67.827	
1	8.000	-67.198	
1	9.000	-66.536	
1	10.000	-65.889	
1	11.000	-65.280	
1	12.000	-64.722	
1	13.000	-64.184	
1	14.000	-63.678	
1	15.000	-63.228	
1	16.000	-62.786	
1	17.000	-62.345	
1	18.000	-61.919	
1	19.000	-61.480	
1	20.000	-61.035	
1	21.000	-60.590	
1	22.000	-60.212	
1	23.000	-59.897	
1	24.000	-59.618	
1	25.000	-59.378	
1	26.000	-59.152	
1	27.000	-58.945	
1	28.000	-58.753	
1	29.000	-58.576	
1	30.000	-58.390	
1	31.000	-58.233	
1	32.000	-58.119	
1	33.000	-58.042	
1	34.000	-57.971	
1	35.000	-57.929	
1	36.000	-57.901	
1	37.000	-57.835	
1	38.000	-57.747	
1	39.000	-57.624	
1	40.000	-57.464	
1	41.000	-57.282	
1	42.000	-57.092	
1	43.000	-56.928	
1	44.000	-56.817	
1	45.000	-56.733	
1	46.000	-56.710	
1	47.000	-56.707	
1	48.000	-56.697	
1	49.000	-56.677	
1	50.000	-56.637	
1	51.000	-56.631	
1	52.000	-56.666	
1	53.000	-56.739	
1	54.000	-56.846	
1	55.000	-56.972	
1	56.000	-57.119	
1	57.000	-57.290	
1	58.000	-57.444	
1	59.000	-57.557	
1	60.000	-57.628	
1	61.000	-57.637	
1	62.000	-57.553	
1	63.000	-57.420	
1	64.000	-57.274	
1	65.000	-57.132	
1	66.000	-57.017	
1	67.000	-56.953	
1	68.000	-56.950	
1	69.000	-56.993	
1	70.000	-57.030	
1	71.000	-57.037	
1	72.000	-57.017	
1	73.000	-57.006	
1	74.000	-57.008	
1	75.000	-56.987	
1	76.000	-56.892	
1	77.000	-56.739	
1	78.000	-56.623	
1	79.000	-56.554	
1	80.000	-56.539	
1	81.000	-56.507	
1	82.000	-56.446	
1	83.000	-56.380	
1	84.000	-56.267	
1	85.000	-56.120	
1	86.000	-56.001	
1	87.000	-55.937	
1	88.000	-55.880	
1	89.000	-55.845	
1	90.000	-55.870	
1	91.000	-55.917	
1	92.000	-55.956	
1	93.000	-55.985	
1	94.000	-56.010	
1	95.000	-56.033	
1	96.000	-56.039	
1	97.000	-56.010	
1	98.000	-55.983	
1	99.000	-55.976	
1	100.000	-55.925	
1	101.000	-55.858	
1	102.000	-55.775	
1	103.000	-55.696	
1	104.000	-55.621	
1	105.000	-55.545	
1	106.000	-55.495	
1	107.000	-55.485	
1	108.000	-55.509	
1	109.000	-55.540	
1	110.000	-55.597	
1	111.000	-55.636	
1	112.000	-55.658	
1	113.000	-55.671	
1	114.000	-55.649	
1	115.000	-55.610	
1	116.000	-55.593	
1	117.000	-55.554	
1	118.000	-55.497	
1	119.000	-55.426	
1	120.000	-55.362	
1	121.000	-55.339	
1	122.000	-55.363	
1	123.000	-55.352	
1	124.000	-55.277	
1	125.000	-55.173	
1	126.000	-55.073	
1	127.000	-70.000	
1	128.000	-70.000	
1	129.000	-70.000	
1	130.000	-68.581	
1	131.000	-67.318	
1	132.000	-66.157	
1	133.000	-65.109	
1	134.000	-64.166	
1	135.000	-63.321	
1	136.000	-62.590	
1	137.000	-61.946	
1	138.000	-61.388	
1	139.000	-60.918	
1	140.000	-60.475	
1	141.000	-60.059	
1	142.000	-59.716	
1	143.000	-59.424	
1	144.000	-59.159	
1	145.000	-58.918	
1	146.000	-58.710	
1	147.000	-58.506	
1	148.000	-58.281	
1	149.000	-58.028	
1	150.000	-57.761	
1	151.000	-57.502	
1	152.000	-57.270	
1	153.000	-57.064	
1	154.000	-56.898	
1	155.000	-56.765	
1	156.000	-56.656	
1	157.000	-56.558	
1	158.000	-56.463	
1	159.000	-56.386	
1	160.000	-56.317	
1	161.000	-56.254	
1	162.000	-56.216	
1	163.000	-56.239	
1	164.000	-56.309	
1	165.000	-56.381	
1	166.000	-56.445	
1	167.000	-56.513	
1	168.000	-56.552	
1	169.000	-56.566	
1	170.000	-56.540	
1	171.000	-56.498	
1	172.000	-56.428	
1	173.000	-56.334	
1	174.000	-56.220	
1	175.000	-56.098	
1	176.000	-56.016	
1	177.000	-55.973	
1	178.000	-55.989	
1	179.000	-56.039	
1	180.000	-56.104	
1	181.000	-56.194	
1	182.000	-56.287	
1	183.000	-56.367	
1	184.000	-56.401	
1	185.000	-56.429	
1	186.000	-56.442	
1	187.000	-56.431	
1	188.000	-56.405	
1	189.000	-56.345	
1	190.000	-56.286	
1	191.000	-56.269	
1	192.000	-56.273	
1	193.000	-56.230	
1	194.000	-56.164	
1	195.000	-56.087	
1	196.000	-56.024	
1	197.000	-55.987	
1	198.000	-55.998	
1	199.000	-56.107	
1	200.000	-56.267	
1	201.000	-56.433	
1	202.000	-56.562	
1	203.000	-56.659	
1	204.000	-56.733	
1	205.000	-56.798	
1	206.000	-56.877	
1	207.000	-56.928	
1	208.000	-56.949	
1	209.000	-56.956	
1	210.000	-56.952	
1	211.000	-56.942	
1	212.000	-56.943	
1	213.000	-56.927	
1	214.000	-56.887	
1	215.000	-56.830	
1	216.000	-56.787	
1	217.000	-56.774	
1	218.000	-56.806	
1	219.000	-56.870	
1	220.000	-56.955	
1	221.000	-57.059	
1	222.000	-57.145	
1	223.000	-57.228	
1	224.000	-57.328	
1	225.000	-57.415	
1	226.000	-57.507	
1	227.000	-57.590	
1	228.000	-57.666	
1	229.000	-57.749	
1	230.000	-57.834	
1	231.000	-57.900	
1	232.000	-57.943	
1	233.000	-57.950	
1	234.000	-57.948	
1	235.000	-57.932	
1	236.000	-57.915	
1	237.000	-57.947	
1	238.000	-58.018	
1	239.000	-58.128	
1	240.000	-58.243	
1	241.000	-58.334	
1	242.000	-58.387	
1	243.000	-58.428	
1	244.000	-58.464	
1	245.000	-58.483	
1	246.000	-58.483	
1	247.000	-58.464	
1	248.000	-58.458	
1	249.000	-58.496	
1	250.000	-58.580	
1	251.000	-58.663	
1	252.000	-58.775	
1	253.000	-58.912	
1	254.000	-59.060	
1	255.000	-59.203	
1	256.000	-59.311	
1	257.000	-59.344	
1	258.000	-59.309	
1	259.000	-59.255	
1	260.000	-59.198	
1	261.000	-59.137	
1	262.000	-59.102	
1	263.000	-59.108	
1	264.000	-59.144	
1	265.000	-59.170	
1	266.000	-59.202	
1	267.000	-59.232	
1	268.000	-59.261	
1	269.000	-59.308	
1	270.000	-59.361	
1	271.000	-59.412	
1	272.000	-59.459	
1	273.000	-59.518	
1	274.000	-59.593	
1	275.000	-59.684	
1	276.000	-59.810	
1	277.000	-59.953	
1	278.000	-60.064	
1	279.000	-60.145	
1	280.000	-60.191	
1	281.000	-60.240	
1	282.000	-60.334	
1	283.000	-60.429	
1	284.000	-60.497	
1	285.000	-60.555	
1	286.000	-60.624	
1	287.000	-60.687	
1	288.000	-60.706	
1	289.000	-60.669	
1	290.000	-60.603	
1	291.000	-60.543	
1	292.000	-60.461	
1	293.000	-60.362	
1	294.000	-60.283	
1	295.000	-60.267	
1	296.000	-60.304	
1	297.000	-60.343	
1	298.000	-60.420	
1	299.000	-60.545	
1	300.000	-60.660	
1	301.000	-60.768	
1	302.000	-60.851	
1	303.000	-60.935	
1	304.000	-61.009	
1	305.000	-61.083	
1	306.000	-61.163	
1	307.000	-61.233	
1	308.000	-61.276	
1	309.000	-61.282	
1	310.000	-61.271	
1	311.000	-61.260	
1	312.000	-61.244	
1	313.000	-61.235	
1	314.000	-61.226	
1	315.000	-61.232	
1	316.000	-61.240	
1	317.000	-61.263	
1	318.000	-61.346	
1	319.000	-61.479	
1	320.000	-61.611	
1	321.000	-61.701	
1	322.000	-61.764	
1	323.000	-61.815	
1	324.000	-61.881	
1	325.000	-61.956	
1	326.000	-62.013	
1	327.000	-62.075	
1	328.000	-62.134	
1	329.000	-62.190	
1	330.000	-62.242	
1	331.000	-62.274	
1	332.000	-62.289	
1	333.000	-62.301	
1	334.000	-62.337	
1	335.000	-62.404	
1	336.000	-62.471	
1	337.000	-62.537	
1	338.000	-62.595	
1	339.000	-62.613	
1	340.000	-62.592	
1	341.000	-62.521	
1	342.000	-62.408	
1	343.000	-62.272	
1	344.000	-62.153	
1	345.000	-62.063	
1	346.000	-62.028	
1	347.000	-62.072	
1	348.000	-62.191	
1	349.000	-62.344	
1	350.000	-62.481	
1	351.000	-62.596	
1	352.000	-62.704	
1	353.000	-62.785	
1	354.000	-62.822	
1	355.000	-62.882	
1	356.000	-62.935	
1	357.000	-62.950	
1	358.000	-62.928	
1	359.000	-62.865	
1	360.000	-62.786	
1	361.000	-62.754	
1	362.000	-62.772	
1	363.000	-62.827	
1	364.000	-62.873	
1	365.000	-62.915	
1	366.000	-62.951	
1	367.000	-62.966	
1	368.000	-62.995	
1	369.000	-63.075	
1	370.000	-63.211	
1	371.000	-63.330	
1	372.000	-63.420	
1	373.000	-63.460	
1	374.000	-63.449	
1	375.000	-63.432	
1	376.000	-63.402	
1	377.000	-63.367	
1	378.000	-63.309	
1	379.000	-63.203	
1	380.000	-63.085	
1	381.000	-62.992	
1	382.000	-62.930	
1	383.000	-62.908	
1	384.000	-62.920	
1	385.000	-62.929	
1	386.000	-62.915	
1	387.000	-62.894	
1	388.000	-62.916	
1	389.000	-62.964	
1	390.000	-63.000	
1	391.000	-63.023	
1	392.000	-63.044	
1	393.000	-63.074	
1	394.000	-63.113	
1	395.000	-63.160	
1	396.000	-63.216	
1	397.000	-63.279	
1	398.000	-63.351	
1	399.000	-63.433	
1	400.000	-63.501	
1	401.000	-63.499	
1	402.000	-63.438	
1	403.000	-63.404	
1	404.000	-63.389	
1	405.000	-63.395	
1	406.000	-63.397	
1	407.000	-63.395	
1	408.000	-63.361	
1	409.000	-63.311	
1	410.000	-63.256	
1	411.000	-63.210	
1	412.000	-63.185	
1	413.000	-63.213	
1	414.000	-63.282	
1	415.000	-63.380	
1	416.000	-63.459	
1	417.000	-63.545	
1	418.000	-63.678	
1	419.000	-63.801	
1	420.000	-63.907	
1	421.000	-63.971	
1	422.000	-63.950	
1	423.000	-63.894	
1	424.000	-63.833	
1	425.000	-63.794	
1	426.000	-63.723	
1	427.000	-63.599	
1	428.000	-63.434	
1	429.000	-63.220	
1	430.000	-63.019	
1	431.000	-62.863	
1	432.000	-62.734	
1	433.000	-62.668	
1	434.000	-62.671	
1	435.000	-62.691	
1	436.000	-62.691	
1	437.000	-62.688	
1	438.000	-62.701	
1	439.000	-62.738	
1	440.000	-62.785	
1	441.000	-62.852	
1	442.000	-62.901	
1	443.000	-62.890	
1	444.000	-62.831	
1	445.000	-62.795	
1	446.000	-62.799	
1	447.000	-62.816	
1	448.000	-62.797	
1	449.000	-62.755	
1	450.000	-62.685	
1	451.000	-62.600	
1	452.000	-62.524	
1	453.000	-62.435	
1	454.000	-62.341	
1	455.000	-62.250	
1	456.000	-62.175	
1	457.000	-62.081	
1	458.000	-61.948	
1	459.000	-61.831	
1	460.000	-61.727	
1	461.000	-61.627	
1	462.000	-61.562	
1	463.000	-61.471	
1	464.000	-61.349	
1	465.000	-61.239	
1	466.000	-61.142	
1	467.000	-61.047	
1	468.000	-60.962	
1	469.000	-60.867	
1	470.000	-60.781	
1	471.000	-60.740	
1	472.000	-60.714	
1	473.000	-60.712	
1	474.000	-60.715	
1	475.000	-60.760	
1	476.000	-60.786	
1	477.000	-60.763	
1	478.000	-60.723	
1	479.000	-60.654	
1	480.000	-60.581	
1	481.000	-60.510	
1	482.000	-60.457	
1	483.000	-60.399	
1	484.000	-60.334	
1	485.000	-60.217	
1	486.000	-60.090	
1	487.000	-59.958	
1	488.000	-59.836	
1	489.000	-59.735	
1	490.000	-59.675	
1	491.000	-59.643	
1	492.000	-59.579	
1	493.000	-59.472	
1	494.000	-59.363	
1	495.000	-59.298	
1	496.000	-59.263	
1	497.000	-59.272	
1	498.000	-59.318	
1	499.000	-59.381	
1	500.000	-59.438	
1	501.000	-59.460	
1	502.000	-59.488	
1	503.000	-59.502	
1	504.000	-59.475	
1	505.000	-59.404	
1	506.000	-59.370	
1	507.000	-59.365	
1	508.000	-59.304	
1	509.000	-59.185	
1	510.000	-59.126	
1	511.000	-59.093	
1	512.000	-59.030	
1	513.000	-58.952	
1	514.000	-58.886	
1	515.000	-58.796	
1	516.000	-58.675	
1	517.000	-58.531	
1	518.000	-58.412	
1	519.000	-58.309	
1	520.000	-58.233	
1	521.000	-58.204	
1	522.000	-58.214	
1	523.000	-58.252	
1	524.000	-58.299	
1	525.000	-58.319	
1	526.000	-58.315	
1	527.000	-58.313	
1	528.000	-58.354	
1	529.000	-58.431	
1	530.000	-58.473	
1	531.000	-58.477	
1	532.000	-58.448	
1	533.000	-58.393	
1	534.000	-58.300	
1	535.000	-58.215	
1	536.000	-58.179	
1	537.000	-58.166	
1	538.000	-58.170	
1	539.000	-58.158	
1	540.000	-58.134	
1	541.000	-58.087	
1	542.000	-58.026	
1	543.000	-57.945	
1	544.000	-57.845	
1	545.000	-57.717	
1	546.000	-57.599	
1	547.000	-57.528	
1	548.000	-57.500	
1	549.000	-57.497	
1	550.000	-57.503	
1	551.000	-57.515	
1	552.000	-57.509	
1	553.000	-57.494	
1	554.000	-57.463	
1	555.000	-57.418	
1	556.000	-57.381	
1	557.000	-57.326	
1	558.000	-57.219	
1	559.000	-57.088	
1	560.000	-56.996	
1	561.000	-56.926	
1	562.000	-56.860	
1	563.000	-56.783	
1	564.000	-56.714	
1	565.000	-56.675	
1	566.000	-56.644	
1	567.000	-56.626	
1	568.000	-56.622	
1	569.000	-56.606	
1	570.000	-56.582	
1	571.000	-56.566	
1	572.000	-56.556	
1	573.000	-56.528	
1	574.000	-56.469	
1	575.000	-56.396	
1	576.000	-56.299	
1	577.000	-56.190	
1	578.000	-56.087	
1	579.000	-55.969	
1	580.000	-55.849	
1	581.000	-55.706	
1	582.000	-55.575	
1	583.000	-55.466	
1	584.000	-55.378	
1	585.000	-55.324	
1	586.000	-55.300	
1	587.000	-55.269	
1	588.000	-55.251	
1	589.000	-55.272	
1	590.000	-55.268	
1	591.000	-55.215	
1	592.000	-55.164	
1	593.000	-55.133	
1	594.000	-55.097	
1	595.000	-55.081	
1	596.000	-55.088	
1	597.000	-55.077	
1	598.000	-55.019	
1	599.000	-70.000	
1	600.000	-70.000	
1	601.000	-68.979	
1	602.000	-67.668	
1	603.000	-66.525	
1	604.000	-65.502	
1	605.000	-64.554	
1	606.000	-63.683	
1	607.000	-62.881	
1	608.000	-62.159	
1	609.000	-61.509	
1	610.000	-60.890	
1	611.000	-60.333	
1	612.000	-59.821	
1	613.000	-59.348	
1	614.000	-58.925	
1	615.000	-58.573	
1	616.000	-58.290	
1	617.000	-58.047	
1	618.000	-57.818	
1	619.000	-57.632	
1	620.000	-57.504	
1	621.000	-57.408	
1	622.000	-57.318	
1	623.000	-57.214	
1	624.000	-57.094	
1	625.000	-56.955	
1	626.000	-56.793	
1	627.000	-56.596	
1	628.000	-56.359	
1	629.000	-56.101	
1	630.000	-55.887	
1	631.000	-55.719	
1	632.000	-55.610	
1	633.000	-55.526	
1	634.000	-55.492	
1	635.000	-55.463	
1	636.000	-55.429	
1	637.000	-55.394	
1	638.000	-55.376	
1	639.000	-55.353	
1	640.000	-55.315	
1	641.000	-55.273	
1	642.000	-55.266	
1	643.000	-55.278	
1	644.000	-55.296	
1	645.000	-55.320	
1	646.000	-55.380	
1	647.000	-55.469	
1	648.000	-55.554	
1	649.000	-55.608	
1	650.000	-55.640	
1	651.000	-55.656	
1	652.000	-55.660	
1	653.000	-55.641	
1	654.000	-55.574	
1	655.000	-55.525	
1	656.000	-55.503	
1	657.000	-55.497	
1	658.000	-55.459	
1	659.000	-55.425	
1	660.000	-55.416	
1	661.000	-55.407	
1	662.000	-55.404	
1	663.000	-55.391	
1	664.000	-55.350	
1	665.000	-55.339	
1	666.000	-55.348	
1	667.000	-55.355	
1	668.000	-55.343	
1	669.000	-55.368	
1	670.000	-55.393	
1	671.000	-55.405	
1	672.000	-55.414	
1	673.000	-55.402	
1	674.000	-55.436	
1	675.000	-55.483	
1	676.000	-55.528	
1	677.000	-55.592	
1	678.000	-55.662	
1	679.000	-55.731	
1	680.000	-55.821	
1	681.000	-55.942	
1	682.000	-56.074	
1	683.000	-56.180	
1	684.000	-56.263	
1	685.000	-56.311	
1	686.000	-56.323	
1	687.000	-56.300	
1	688.000	-56.247	
1	689.000	-56.175	
1	690.000	-56.077	
1	691.000	-56.011	
1	692.000	-56.003	
1	693.000	-56.018	
1	694.000	-56.070	
1	695.000	-56.130	
1	696.000	-56.152	
1	697.000	-56.158	
1	698.000	-56.185	
1	699.000	-56.256	
1	700.000	-56.358	
1	701.000	-56.473	
1	702.000	-56.560	
1	703.000	-56.653	
1	704.000	-56.720	
1	705.000	-56.749	
1	706.000	-56.757	
1	707.000	-56.729	
1	708.000	-56.655	
1	709.000	-56.596	
1	710.000	-56.580	
1	711.000	-56.593	
1	712.000	-56.624	
1	713.000	-56.671	
1	714.000	-56.690	
1	715.000	-56.683	
1	716.000	-56.681	
1	717.000	-56.700	
1	718.000	-56.749	
1	719.000	-56.807	
1	720.000	-56.878	
1	721.000	-56.953	
1	722.000	-57.037	
1	723.000	-57.132	
1	724.000	-57.208	
1	725.000	-57.223	
1	726.000	-57.199	
1	727.000	-57.190	
1	728.000	-57.221	
1	729.000	-57.256	
1	730.000	-57.251	
1	731.000	-57.228	
1	732.000	-57.240	
1	733.000	-57.273	
1	734.000	-57.306	
1	735.000	-57.354	
1	736.000	-57.409	
1	737.000	-57.464	
1	738.000	-57.546	
1	739.000	-57.632	
1	740.000	-57.730	
1	741.000	-57.831	
1	742.000	-57.894	
1	743.000	-57.965	
1	744.000	-58.073	
1	745.000	-58.215	
1	746.000	-58.349	
1	747.000	-58.477	
1	748.000	-58.634	
1	749.000	-58.810	
1	750.000	-58.998	
1	751.000	-59.192	
1	752.000	-59.366	
1	753.000	-59.493	
1	754.000	-59.582	
1	755.000	-59.643	
1	756.000	-59.680	
1	757.000	-59.704	
1	758.000	-59.721	
1	759.000	-59.741	
1	760.000	-59.781	
1	761.000	-59.818	
1	762.000	-59.809	
1	763.000	-59.781	
1	764.000	-59.755	
1	765.000	-59.739	
1	766.000	-59.728	
1	767.000	-59.690	
1	768.000	-59.646	
1	769.000	-59.606	
1	770.000	-59.593	
1	771.000	-59.618	
1	772.000	-59.678	
1	773.000	-59.754	
1	774.000	-59.839	
1	775.000	-59.905	
1	776.000	-59.954	
1	777.000	-60.000	
1	778.000	-60.047	
1	779.000	-60.084	
1	780.000	-60.128	
1	781.000	-60.158	
1	782.000	-60.123	
1	783.000	-60.087	
1	784.000	-60.092	
1	785.000	-60.152	
1	786.000	-60.246	
1	787.000	-60.354	
1	788.000	-60.492	
1	789.000	-60.636	
1	790.000	-60.767	
1	791.000	-60.866	
1	792.000	-60.943	
1	793.000	-60.999	
1	794.000	-61.055	
1	795.000	-61.131	
1	796.000	-61.213	
1	797.000	-61.288	
1	798.000	-61.343	
1	799.000	-61.352	
1	800.000	-61.351	
1	801.000	-61.376	
1	802.000	-61.411	
1	803.000	-61.475	
1	804.000	-61.547	
1	805.000	-61.618	
1	806.000	-61.688	
1	807.000	-61.772	
1	808.000	-61.867	
1	809.000	-61.962	
1	810.000	-62.065	
1	811.000	-62.154	
1	812.000	-62.225	
1	813.000	-62.277	
1	814.000	-62.304	
1	815.000	-62.297	
1	816.000	-62.293	
1	817.000	-62.329	
1	818.000	-62.408	
1	819.000	-62.492	
1	820.000	-62.556	
1	821.000	-62.543	
1	822.000	-62.452	
1	823.000	-62.318	
1	824.000	-62.174	
1	825.000	-62.028	
1	826.000	-61.910	
1	827.000	-61.850	
1	828.000	-61.815	
1	829.000	-61.768	
1	830.000	-61.709	
1	831.000	-61.665	
1	832.000	-61.648	
1	833.000	-61.628	
1	834.000	-61.614	
1	835.000	-61.616	
1	836.000	-61.606	
1	837.000	-61.619	
1	838.000	-61.653	
1	839.000	-61.698	
1	840.000	-61.744	
1	841.000	-61.762	
1	842.000	-61.771	
1	843.000	-61.834	
1	844.000	-61.931	
1	845.000	-62.056	
1	846.000	-62.184	
1	847.000	-62.273	
1	848.000	-62.318	
1	849.000	-62.331	
1	850.000	-62.316	
1	851.000	-62.289	
1	852.000	-62.276	
1	853.000	-62.297	
1	854.000	-62.341	
1	855.000	-62.399	
1	856.000	-62.473	
1	857.000	-62.533	
1	858.000	-62.626	
1	859.000	-62.740	
1	860.000	-62.840	
1	861.000	-62.910	
1	862.000	-62.926	
1	863.000	-62.926	
1	864.000	-62.957	
1	865.000	-62.985	
1	866.000	-63.025	
1	867.000	-63.077	
1	868.000	-63.102	
1	869.000	-63.105	
1	870.000	-63.092	
1	871.000	-63.081	
1	872.000	-63.098	
1	873.000	-63.138	
1	874.000	-63.180	
1	875.000	-63.216	
1	876.000	-63.236	
1	877.000	-63.244	
1	878.000	-63.238	
1	879.000	-63.246	
1	880.000	-63.304	
1	881.000	-63.371	
1	882.000	-63.446	
1	883.000	-63.519	
1	884.000	-63.581	
1	885.000	-63.607	
1	886.000	-63.591	
1	887.000	-63.542	
1	888.000	-63.478	
1	889.000	-63.376	
1	890.000	-63.262	
1	891.000	-63.182	
1	892.000	-63.155	
1	893.000	-63.190	
1	894.000	-63.252	
1	895.000	-63.317	
1	896.000	-63.329	
1	897.000	-63.266	
1	898.000	-63.189	
1	899.000	-63.125	
1	900.000	-63.073	
1	901.000	-63.041	
1	902.000	-63.025	
1	903.000	-63.032	
1	904.000	-63.046	
1	905.000	-63.057	
1	906.000	-63.035	
1	907.000	-62.993	
1	908.000	-62.886	
1	909.000	-62.755	
1	910.000	-62.632	
1	911.000	-62.538	
1	912.000	-62.468	
1	913.000	-62.410	
1	914.000	-62.382	
1	915.000	-62.403	
1	916.000	-62.443	
1	917.000	-62.505	
1	918.000	-62.563	
1	919.000	-62.579	
1	920.000	-62.547	
1	921.000	-62.485	
1	922.000	-62.403	
1	923.000	-62.360	
1	924.000	-62.327	
1	925.000	-62.281	
1	926.000	-62.254	
1	927.000	-62.231	
1	928.000	-62.255	
1	929.000	-62.310	
1	930.000	-62.392	
1	931.000	-62.474	
1	932.000	-62.523	
1	933.000	-62.520	
1	934.000	-62.470	
1	935.000	-62.422	
1	936.000	-62.403	
1	937.000	-62.416	
1	938.000	-62.396	
1	939.000	-62.299	
1	940.000	-62.181	
1	941.000	-62.077	
1	942.000	-62.028	
1	943.000	-62.015	
1	944.000	-62.013	
1	945.000	-62.029	
1	946.000	-62.056	
1	947.000	-62.107	
1	948.000	-62.139	
1	949.000	-62.115	
1	950.000	-62.036	
1	951.000	-61.939	
1	952.000	-61.839	
1	953.000	-61.744	
1	954.000	-61.650	
1	955.000	-61.562	
1	956.000	-61.474	
1	957.000	-61.385	
1	958.000	-61.309	
1	959.000	-61.255	
1	960.000	-61.224	
1	961.000	-61.204	
1	962.000	-61.216	
1	963.000	-61.275	
1	964.000	-61.334	
1	965.000	-61.389	
1	966.000	-61.453	
1	967.000	-61.510	
1	968.000	-61.566	
1	969.000	-61.620	
1	970.000	-61.641	
1	971.000	-61.606	
1	972.000	-61.534	
1	973.000	-61.486	
1	974.000	-61.457	
1	975.000	-61.443	
1	976.000	-61.410	
1	977.000	-61.370	
1	978.000	-61.340	
1	979.000	-61.296	
1	980.000	-61.217	
1	981.000	-61.099	
1	982.000	-60.942	
1	983.000	-60.809	
1	984.000	-60.735	
1	985.000	-60.691	
1	986.000	-60.659	
1	987.000	-60.613	
1	988.000	-60.574	
1	989.000	-60.515	
1	990.000	-60.436	
1	991.000	-60.388	
1	992.000	-60.359	
1	993.000	-60.321	
1	994.000	-60.293	
1	995.000	-60.324	
1	996.000	-60.385	
1	997.000	-60.434	
1	998.000	-60.431	
1	999.000	-60.370	
1	1000.000	-60.271	
1	1001.000	-60.149	
1	1002.000	-60.034	
1	1003.000	-59.934	
1	1004.000	-59.848	
1	1005.000	-59.791	
1	1006.000	-59.726	
1	1007.000	-59.647	
1	1008.000	-59.551	
1	1009.000	-59.447	
1	1010.000	-59.326	
1	1011.000	-59.202	
1	1012.000	-59.076	
1	1013.000	-58.972	
1	1014.000	-58.905	
1	1015.000	-58.849	
1	1016.000	-58.760	
1	1017.000	-58.642	
1	1018.000	-58.492	
1	1019.000	-58.328	
1	1020.000	-58.198	
1	1021.000	-58.076	
1	1022.000	-57.937	
1	1023.000	-57.817	
1	1024.000	-57.737	
1	1025.000	-57.707	
1	1026.000	-57.720	
1	1027.000	-57.724	
1	1028.000	-57.709	
1	1029.000	-57.704	
1	1030.000	-57.735	
1	1031.000	-57.812	
1	1032.000	-57.908	
1	1033.000	-57.985	
1	1034.000	-58.004	
1	1035.000	-57.967	
1	1036.000	-57.917	
1	1037.000	-57.868	
1	1038.000	-57.883	
1	1039.000	-57.919	
1	1040.000	-57.937	
1	1041.000	-57.975	
1	1042.000	-58.016	
1	1043.000	-58.033	
1	1044.000	-58.042	
1	1045.000	-58.036	
1	1046.000	-58.014	
1	1047.000	-57.997	
1	1048.000	-57.985	
1	1049.000	-57.954	
1	1050.000	-57.924	
1	1051.000	-57.879	
1	1052.000	-57.794	
1	1053.000	-57.670	
1	1054.000	-57.526	
1	1055.000	-57.403	
1	1056.000	-57.311	
1	1057.000	-57.193	
1	1058.000	-57.045	
1	1059.000	-56.907	
1	1060.000	-56.802	
1	1061.000	-56.749	
1	1062.000	-56.740	
1	1063.000	-56.737	
1	1064.000	-56.704	
1	1065.000	-56.649	
1	1066.000	-56.587	
1	1067.000	-56.493	
1	1068.000	-56.395	
1	1069.000	-56.304	
1	1070.000	-56.201	
1	1071.000	-56.102	
1	1072.000	-56.066	
1	1073.000	-56.085	
1	1074.000	-56.104	
1	1075.000	-56.103	
1	1076.000	-56.081	
1	1077.000	-56.048	
1	1078.000	-56.050	
1	1079.000	-56.044	
1	1080.000	-55.981	
1	1081.000	-55.883	
1	1082.000	-55.793	
1	1083.000	-55.692	
1	1084.000	-55.594	
1	1085.000	-55.522	
1	1086.000	-55.500	
1	1087.000	-55.521	
1	1088.000	-55.515	
1	1089.000	-55.467	
1	1090.000	-55.397	
1	1091.000	-55.296	
1	1092.000	-55.209	
1	1093.000	-55.185	
1	1094.000	-55.215	
1	1095.000	-55.260	
1	1096.000	-55.314	
1	1097.000	-55.352	
1	1098.000	-55.388	
1	1099.000	-55.454	
1	1100.000	-55.513	
1	1101.000	-55.524	
1	1102.000	-55.516	
1	1103.000	-55.489	
1	1104.000	-55.432	
1	1105.000	-55.333	
1	1106.000	-55.226	
1	1107.000	-55.158	
1	1108.000	-55.125	
1	1109.000	-55.118	
1	1110.000	-55.130	
1	1111.000	-55.156	
1	1112.000	-55.165	
1	1113.000	-55.154	
1	1114.000	-55.128	
1	1115.000	-55.119	
1	1116.000	-55.115	
1	1117.000	-55.132	
1	1118.000	-55.139	
1	1119.000	-55.147	
1	1120.000	-55.153	
1	1121.000	-55.153	
1	1122.000	-55.153	
1	1123.000	-55.179	
1	1124.000	-55.194	
1	1125.000	-55.191	
1	1126.000	-55.195	
1	1127.000	-55.202	
1	1128.000	-55.239	
1	1129.000	-55.277	
1	1130.000	-55.310	
1	1131.000	-55.320	
1	1132.000	-55.319	
1	1133.000	-55.308	
1	1134.000	-55.305	
1	1135.000	-55.278	
1	1136.000	-55.227	
1	1137.000	-55.167	
1	1138.000	-55.161	
1	1139.000	-55.237	
1	1140.000	-55.340	
1	1141.000	-55.412	
1	1142.000	-55.464	
1	1143.000	-55.484	
1	1144.000	-55.474	
1	1145.000	-55.408	
1	1146.000	-55.286	
1	1147.000	-55.166	
1	1148.000	-55.098	
1	1149.000	-55.070	
1	1150.000	-55.091	
1	1151.000	-55.120	
1	1152.000	-55.149	
1	1153.000	-55.179	
1	1154.000	-55.232	
1	1155.000	-55.341	
1	1156.000	-55.483	
1	1157.000	-55.623	
1	1158.000	-55.744	
1	1159.000	-55.855	
1	1160.000	-55.940	
1	1161.000	-55.986	
1	1162.000	-55.995	
1	1163.000	-55.966	
1	1164.000	-55.940	
1	1165.000	-55.917	
1	1166.000	-55.873	
1	1167.000	-55.845	
1	1168.000	-55.861	
1	1169.000	-55.885	
1	1170.000	-55.908	
1	1171.000	-55.928	
1	1172.000	-55.918	
1	1173.000	-55.856	
1	1174.000	-55.795	
1	1175.000	-55.743	
1	1176.000	-55.697	
1	1177.000	-55.710	
1	1178.000	-55.790	
1	1179.000	-55.857	
1	1180.000	-55.883	
1	1181.000	-55.889	
1	1182.000	-55.897	
1	1183.000	-55.933	
1	1184.000	-56.017	
1	1185.000	-56.087	
1	1186.000	-56.158	
1	1187.000	-56.230	
1	1188.000	-56.274	
1	1189.000	-56.252	
1	1190.000	-56.188	
1	1191.000	-56.132	
1	1192.000	-56.105	
1	1193.000	-56.090	
1	1194.000	-56.090	
1	1195.000	-56.087	
1	1196.000	-56.088	
1	1197.000	-56.077	
1	1198.000	-56.063	
1	1199.000	-56.063	
1	1200.000	-56.064	
1	1201.000	-56.093	
1	1202.000	-56.107	
1	1203.000	-56.073	
1	1204.000	-56.026	
1	1205.000	-56.001	
1	1206.000	-55.971	
1	1207.000	-55.964	
1	1208.000	-55.978	
1	1209.000	-56.006	
1	1210.000	-56.050	
1	1211.000	-56.131	
1	1212.000	-56.235	
1	1213.000	-56.331	
1	1214.000	-56.407	
1	1215.000	-56.484	
1	1216.000	-56.592	
1	1217.000	-56.717	
1	1218.000	-56.869	
1	1219.000	-57.037	
1	1220.000	-57.160	
1	1221.000	-57.229	
1	1222.000	-57.285	
1	1223.000	-57.351	
1	1224.000	-57.443	
1	1225.000	-57.545	
1	1226.000	-57.640	
1	1227.000	-57.713	
1	1228.000	-57.760	
1	1229.000	-57.824	
1	1230.000	-57.889	
1	1231.000	-57.924	
1	1232.000	-57.919	
1	1233.000	-57.923	
1	1234.000	-57.966	
1	1235.000	-58.025	
1	1236.000	-58.073	
1	1237.000	-58.088	
1	1238.000	-58.091	
1	1239.000	-58.109	
1	1240.000	-58.102	
1	1241.000	-58.075	
1	1242.000	-58.073	
1	1243.000	-58.101	
1	1244.000	-58.185	
1	1245.000	-58.321	
1	1246.000	-58.469	
1	1247.000	-58.579	
1	1248.000	-58.635	
1	1249.000	-58.667	
1	1250.000	-58.697	
1	1251.000	-58.690	
1	1252.000	-58.662	
1	1253.000	-58.672	
1	1254.000	-58.698	
1	1255.000	-58.697	
1	1256.000	-58.682	
1	1257.000	-58.683	
1	1258.000	-58.666	
1	1259.000	-58.654	
1	1260.000	-58.682	
1	1261.000	-58.731	
1	1262.000	-58.749	
1	1263.000	-58.740	
1	1264.000	-58.756	
1	1265.000	-58.811	
1	1266.000	-58.883	
1	1267.000	-58.972	
1	1268.000	-59.057	
1	1269.000	-59.127	
1	1270.000	-59.210	
1	1271.000	-59.328	
1	1272.000	-59.475	
1	1273.000	-59.609	
1	1274.000	-59.708	
1	1275.000	-59.791	
1	1276.000	-59.860	
1	1277.000	-59.946	
1	1278.000	-60.045	
1	1279.000	-60.137	
1	1280.000	-60.220	
1	1281.000	-60.284	
1	1282.000	-60.359	
1	1283.000	-60.421	
1	1284.000	-60.475	
1	1285.000	-60.542	
1	1286.000	-60.627	
1	1287.000	-60.714	
1	1288.000	-60.833	
1	1289.000	-60.971	
1	1290.000	-61.091	
1	1291.000	-61.203	
1	1292.000	-61.276	
1	1293.000	-61.307	
1	1294.000	-61.315	
1	1295.000	-61.302	
1	1296.000	-61.282	
1	1297.000	-61.257	
1	1298.000	-61.266	
1	1299.000	-61.311	
1	1300.000	-61.343	
1	1301.000	-61.302	
1	1302.000	-61.160	
1	1303.000	-61.008	
1	1304.000	-60.872	
1	1305.000	-60.795	
1	1306.000	-60.748	
1	1307.000	-60.735	
1	1308.000	-60.736	
1	1309.000	-60.741	
1	1310.000	-60.813	
1	1311.000	-60.946	
1	1312.000	-61.074	
1	1313.000	-61.146	
1	1314.000	-61.154	
1	1315.000	-61.100	
1	1316.000	-61.015	
1	1317.000	-60.953	
1	1318.000	-60.954	
1	1319.000	-61.023	
1	1320.000	-61.125	
1	1321.000	-61.227	
1	1322.000	-61.298	
1	1323.000	-61.364	
1	1324.000	-61.471	
1	1325.000	-61.605	
1	1326.000	-61.733	
1	1327.000	-61.789	
1	1328.000	-61.811	
1	1329.000	-61.821	
1	1330.000	-61.831	
1	1331.000	-61.856	
1	1332.000	-61.946	
1	1333.000	-62.101	
1	1334.000	-62.236	
1	1335.000	-62.344	
1	1336.000	-62.426	
1	1337.000	-62.503	
1	1338.000	-62.591	
1	1339.000	-62.657	
1	1340.000	-62.698	
1	1341.000	-62.743	
1	1342.000	-62.804	
1	1343.000	-62.852	
1	1344.000	-62.911	
1	1345.000	-62.991	
1	1346.000	-63.104	
1	1347.000	-63.221	
1	1348.000	-63.308	
1	1349.000	-63.366	
1	1350.000	-63.369	
1	1351.000	-63.330	
1	1352.000	-63.281	
1	1353.000	-63.216	
1	1354.000	-63.189	
1	1355.000	-63.209	
1	1356.000	-63.223	
1	1357.000	-63.200	
1	1358.000	-63.168	
1	1359.000	-63.129	
1	1360.000	-63.127	
1	1361.000	-63.175	
1	1362.000	-63.215	
1	1363.000	-63.223	
1	1364.000	-63.233	
1	1365.000	-63.234	
1	1366.000	-63.224	
1	1367.000	-63.184	
1	1368.000	-63.121	
1	1369.000	-63.038	
1	1370.000	-62.945	
1	1371.000	-62.871	
1	1372.000	-62.816	
1	1373.000	-62.760	
1	1374.000	-62.716	
1	1375.000	-62.710	
1	1376.000	-62.768	
1	1377.000	-62.892	
1	1378.000	-62.996	
1	1379.000	-63.046	
1	1380.000	-63.066	
1	1381.000	-63.073	
1	1382.000	-63.069	
1	1383.000	-63.084	
1	1384.000	-63.148	
1	1385.000	-63.254	
1	1386.000	-63.363	
1	1387.000	-63.460	
1	1388.000	-63.523	
1	1389.000	-63.530	
1	1390.000	-63.492	
1	1391.000	-63.393	
1	1392.000	-63.290	
1	1393.000	-63.250	
1	1394.000	-63.261	
1	1395.000	-63.280	
1	1396.000	-63.301	
1	1397.000	-63.318	
1	1398.000	-63.334	
1	1399.000	-63.363	
1	1400.000	-63.440	
1	1401.000	-63.546	
1	1402.000	-63.611	
1	1403.000	-63.623	
1	1404.000	-63.612	
1	1405.000	-63.555	
1	1406.000	-63.481	
1	1407.000	-63.433	
1	1408.000	-63.364	
1	1409.000	-63.277	
1	1410.000	-63.180	
1	1411.000	-63.110	
1	1412.000	-63.101	
1	1413.000	-63.141	
1	1414.000	-63.241	
1	1415.000	-63.361	
1	1416.000	-63.496	
1	1417.000	-63.604	
1	1418.000	-63.684	
1	1419.000	-63.760	
1	1420.000	-63.818	
1	1421.000	-63.858	
1	1422.000	-63.879	
1	1423.000	-63.860	
1	1424.000	-63.778	
1	1425.000	-63.680	
1	1426.000	-63.515	
1	1427.000	-63.317	
1	1428.000	-63.096	
1	1429.000	-62.888	
1	1430.000	-62.731	
1	1431.000	-62.627	
1	1432.000	-62.548	
1	1433.000	-62.499	
1	1434.000	-62.465	
1	1435.000	-62.424	
1	1436.000	-62.384	
1	1437.000	-62.347	
1	1438.000	-62.293	
1	1439.000	-62.227	
1	1440.000	-62.167	
1	1441.000	-62.140	
1	1442.000	-62.124	
1	1443.000	-62.099	
1	1444.000	-62.069	
1	1445.000	-62.063	
1	1446.000	-62.049	
1	1447.000	-62.042	
1	1448.000	-62.025	
1	1449.000	-61.997	
1	1450.000	-61.969	
1	1451.000	-61.932	
1	1452.000	-61.881	
1	1453.000	-61.803	
1	1454.000	-61.732	
1	1455.000	-61.682	
1	1456.000	-61.672	
1	1457.000	-61.654	
1	1458.000	-61.653	
1	1459.000	-61.650	
1	1460.000	-61.623	
1	1461.000	-61.585	
1	1462.000	-61.543	
1	1463.000	-61.494	
1	1464.000	-61.436	
1	1465.000	-61.375	
1	1466.000	-61.270	
1	1467.000	-61.113	
1	1468.000	-60.963	
1	1469.000	-60.863	
1	1470.000	-60.777	
1	1471.000	-60.717	
1	1472.000	-60.654	
1	1473.000	-60.555	
1	1474.000	-60.452	
1	1475.000	-60.370	
1	1476.000	-60.301	
1	1477.000	-60.237	
1	1478.000	-60.170	
1	1479.000	-60.120	
1	1480.000	-60.068	
1	1481.000	-60.020	
1	1482.000	-59.993	
1	1483.000	-59.969	
1	1484.000	-59.929	
1	1485.000	-59.895	
1	1486.000	-59.880	
1	1487.000	-59.863	
1	1488.000	-59.845	
1	1489.000	-59.786	
1	1490.000	-59.699	
1	1491.000	-59.646	
1	1492.000	-59.606	
1	1493.000	-59.576	
1	1494.000	-59.567	
1	1495.000	-59.575	
1	1496.000	-59.603	
1	1497.000	-59.585	
1	1498.000	-59.520	
1	1499.000	-59.427	
1	1500.000	-59.330	
1	1501.000	-59.263	
1	1502.000	-59.181	
1	1503.000	-59.063	
1	1504.000	-58.981	
1	1505.000	-58.947	
1	1506.000	-58.928	
1	1507.000	-58.917	
1	1508.000	-58.905	
1	1509.000	-58.901	
1	1510.000	-58.888	
1	1511.000	-58.869	
1	1512.000	-58.848	
1	1513.000	-58.779	
1	1514.000	-58.695	
1	1515.000	-58.596	
1	1516.000	-58.525	
1	1517.000	-58.495	
1	1518.000	-58.504	
1	1519.000	-58.506	
1	1520.000	-58.482	
1	1521.000	-58.464	
1	1522.000	-58.449	
1	1523.000	-58.447	
1	1524.000	-58.440	
1	1525.000	-58.417	
1	1526.000	-58.365	
1	1527.000	-58.306	
1	1528.000	-58.275	
1	1529.000	-58.265	
1	1530.000	-58.241	
1	1531.000	-58.185	
1	1532.000	-58.126	
1	1533.000	-58.088	
1	1534.000	-58.052	
1	1535.000	-58.000	
1	1536.000	-57.922	
1	1537.000	-57.862	
1	1538.000	-57.835	
1	1539.000	-57.792	
1	1540.000	-57.704	
1	1541.000	-57.607	
1	1542.000	-57.524	
1	1543.000	-57.487	
1	1544.000	-57.484	
1	1545.000	-57.481	
1	1546.000	-57.440	
1	1547.000	-57.358	
1	1548.000	-57.260	
1	1549.000	-57.184	
1	1550.000	-57.141	
1	1551.000	-57.122	
1	1552.000	-57.136	
1	1553.000	-57.130	
1	1554.000	-57.082	
1	1555.000	-57.015	
1	1556.000	-56.933	
1	1557.000	-56.873	
1	1558.000	-56.829	
1	1559.000	-56.795	
1	1560.000	-56.750	
1	1561.000	-56.684	
1	1562.000	-56.594	
1	1563.000	-56.502	
1	1564.000	-56.394	
1	1565.000	-56.300	
1	1566.000	-56.224	
1	1567.000	-56.182	
1	1568.000	-56.167	
1	1569.000	-56.181	
1	1570.000	-56.236	
1	1571.000	-56.339	
1	1572.000	-56.460	
1	1573.000	-56.554	
1	1574.000	-56.616	
1	1575.000	-56.637	
1	1576.000	-56.633	
1	1577.000	-56.602	
1	1578.000	-56.581	
1	1579.000	-56.572	
1	1580.000	-56.553	
1	1581.000	-56.479	
1	1582.000	-56.383	
1	1583.000	-56.302	
1	1584.000	-56.242	
1	1585.000	-56.193	
1	1586.000	-56.136	
1	1587.000	-56.046	
1	1588.000	-55.946	
1	1589.000	-55.888	
1	1590.000	-55.853	
1	1591.000	-55.775	
1	1592.000	-55.630	
1	1593.000	-55.467	
1	1594.000	-55.330	
1	1595.000	-55.241	
1	1596.000	-55.182	
1	1597.000	-55.141	
1	1598.000	-55.145	
1	1599.000	-55.157	
1	1600.000	-55.171	
1	1601.000	-55.169	
1	1602.000	-55.157	
1	1603.000	-55.123	
1	1604.000	-55.082	
1	1605.000	-55.075	
1	1606.000	-55.062	
1	1607.000	-55.008	
1	1608.000	-70.000	
1	1609.000	-70.000	
1	1610.000	-68.739	
1	1611.000	-67.255	
1	1612.000	-65.922	
1	1613.000	-64.750	
1	1614.000	-63.723	
1	1615.000	-62.827	
1	1616.000	-62.041	
1	1617.000	-61.375	
1	1618.000	-60.803	
1	1619.000	-60.293	
1	1620.000	-59.803	
1	1621.000	-59.339	
1	1622.000	-58.863	
1	1623.000	-58.400	
1	1624.000	-57.986	
1	1625.000	-57.636	
1	1626.000	-57.357	
1	1627.000	-57.136	
1	1628.000	-56.955	
1	1629.000	-56.797	
1	1630.000	-56.665	
1	1631.000	-56.505	
1	1632.000	-56.343	
1	1633.000	-56.150	
1	1634.000	-55.944	
1	1635.000	-55.775	
1	1636.000	-55.627	
1	1637.000	-55.498	
1	1638.000	-55.396	
1	1639.000	-55.294	
1	1640.000	-55.196	
1	1641.000	-55.093	
1	1642.000	-55.018	
1	1643.000	-70.000	
1	1644.000	-70.000	
1	1645.000	-69.034	
1	1646.000	-67.518	
1	1647.000	-66.121	
1	1648.000	-64.856	
1	1649.000	-63.678	
1	1650.000	-62.605	
1	1651.000	-61.672	
1	1652.000	-60.887	
1	1653.000	-60.240	
1	1654.000	-59.708	
1	1655.000	-59.266	
1	1656.000	-58.903	
1	1657.000	-58.603	
1	1658.000	-58.345	
1	1659.000	-58.129	
1	1660.000	-57.957	
1	1661.000	-57.852	
1	1662.000	-57.781	
1	1663.000	-57.704	
1	1664.000	-57.618	
1	1665.000	-57.491	
1	1666.000	-57.321	
1	1667.000	-57.158	
1	1668.000	-57.009	
1	1669.000	-56.877	
1	1670.000	-56.774	
1	1671.000	-56.719	
1	1672.000	-56.688	
1	1673.000	-56.646	
1	1674.000	-56.583	
1	1675.000	-56.523	
1	1676.000	-56.469	
1	1677.000	-56.452	
1	1678.000	-56.469	
1	1679.000	-56.524	
1	1680.000	-56.561	
1	1681.000	-56.572	
1	1682.000	-56.533	
1	1683.000	-56.477	
1	1684.000	-56.413	
1	1685.000	-56.365	
1	1686.000	-56.337	
1	1687.000	-56.305	
1	1688.000	-56.304	
1	1689.000	-56.304	
1	1690.000	-56.268	
1	1691.000	-56.223	
1	1692.000	-56.207	
1	1693.000	-56.183	
1	1694.000	-56.148	
1	1695.000	-56.123	
1	1696.000	-56.134	
1	1697.000	-56.158	
1	1698.000	-56.190	
1	1699.000	-56.239	
1	1700.000	-56.308	
1	1701.000	-56.399	
1	1702.000	-56.475	
1	1703.000	-56.549	
1	1704.000	-56.662	
1	1705.000	-56.768	
1	1706.000	-56.868	
1	1707.000	-56.969	
1	1708.000	-57.029	
1	1709.000	-57.046	
1	1710.000	-57.015	
1	1711.000	-56.990	
1	1712.000	-56.992	
1	1713.000	-56.996	
1	1714.000	-56.991	
1	1715.000	-56.999	
1	1716.000	-57.048	
1	1717.000	-57.120	
1	1718.000	-57.181	
1	1719.000	-57.224	
1	1720.000	-57.240	
1	1721.000	-57.220	
1	1722.000	-57.176	
1	1723.000	-57.100	
1	1724.000	-57.029	
1	1725.000	-56.992	
1	1726.000	-56.949	
1	1727.000	-56.941	
1	1728.000	-56.954	
1	1729.000	-56.963	
1	1730.000	-56.976	
1	1731.000	-57.001	
1	1732.000	-57.029	
1	1733.000	-57.066	
1	1734.000	-57.131	
1	1735.000	-57.226	
1	1736.000	-57.361	
1	1737.000	-57.535	
1	1738.000	-57.726	
1	1739.000	-57.924	
1	1740.000	-58.092	
1	1741.000	-58.234	
1	1742.000	-58.377	
1	1743.000	-58.532	
1	1744.000	-58.699	
1	1745.000	-58.859	
1	1746.000	-59.016	
1	1747.000	-59.154	
1	1748.000	-59.223	
1	1749.000	-59.246	
1	1750.000	-59.232	
1	1751.000	-59.197	
1	1752.000	-59.152	
1	1753.000	-59.133	
1	1754.000	-59.163	
1	1755.000	-59.243	
1	1756.000	-59.346	
1	1757.000	-59.417	
1	1758.000	-59.493	
1	1759.000	-59.596	
1	1760.000	-59.685	
1	1761.000	-59.743	
1	1762.000	-59.754	
1	1763.000	-59.723	
1	1764.000	-59.670	
1	1765.000	-59.597	
1	1766.000	-59.479	
1	1767.000	-59.368	
1	1768.000	-59.295	
1	1769.000	-59.261	
1	1770.000	-59.227	
1	1771.000	-59.200	
1	1772.000	-59.184	
1	1773.000	-59.172	
1	1774.000	-59.202	
1	1775.000	-59.293	
1	1776.000	-59.426	
1	1777.000	-59.551	
1	1778.000	-59.635	
1	1779.000	-59.693	
1	1780.000	-59.727	
1	1781.000	-59.708	
1	1782.000	-59.709	
1	1783.000	-59.747	
1	1784.000	-59.792	
1	1785.000	-59.831	
1	1786.000	-59.878	
1	1787.000	-59.916	
1	1788.000	-59.986	
1	1789.000	-60.082	
1	1790.000	-60.176	
1	1791.000	-60.253	
1	1792.000	-60.304	
1	1793.000	-60.376	
1	1794.000	-60.450	
1	1795.000	-60.533	
1	1796.000	-60.634	
1	1797.000	-60.752	
1	1798.000	-60.851	
1	1799.000	-60.897	
1	1800.000	-60.949	
1	1801.000	-61.025	
1	1802.000	-61.114	
1	1803.000	-61.197	
1	1804.000	-61.275	
1	1805.000	-61.342	
1	1806.000	-61.390	
1	1807.000	-61.447	
1	1808.000	-61.514	
1	1809.000	-61.607	
1	1810.000	-61.715	
1	1811.000	-61.803	
1	1812.000	-61.891	
1	1813.000	-61.949	
1	1814.000	-61.983	
1	1815.000	-62.038	
1	1816.000	-62.111	
1	1817.000	-62.187	
1	1818.000	-62.265	
1	1819.000	-62.333	
1	1820.000	-62.398	
1	1821.000	-62.469	
1	1822.000	-62.549	
1	1823.000	-62.609	
1	1824.000	-62.664	
1	1825.000	-62.712	
1	1826.000	-62.740	
1	1827.000	-62.741	
1	1828.000	-62.752	
1	1829.000	-62.742	
1	1830.000	-62.727	
1	1831.000	-62.707	
1	1832.000	-62.647	
1	1833.000	-62.582	
1	1834.000	-62.527	
1	1835.000	-62.497	
1	1836.000	-62.510	
1	1837.000	-62.541	
1	1838.000	-62.581	
1	1839.000	-62.630	
1	1840.000	-62.660	
1	1841.000	-62.693	
1	1842.000	-62.732	
1	1843.000	-62.768	
1	1844.000	-62.790	
1	1845.000	-62.779	
1	1846.000	-62.758	
1	1847.000	-62.722	
1	1848.000	-62.672	
1	1849.000	-62.638	
1	1850.000	-62.618	
1	1851.000	-62.615	
1	1852.000	-62.602	
1	1853.000	-62.582	
1	1854.000	-62.575	
1	1855.000	-62.557	
1	1856.000	-62.517	
1	1857.000	-62.471	
1	1858.000	-62.442	
1	1859.000	-62.440	
1	1860.000	-62.426	
1	1861.000	-62.417	
1	1862.000	-62.420	
1	1863.000	-62.419	
1	1864.000	-62.422	
1	1865.000	-62.465	
1	1866.000	-62.527	
1	1867.000	-62.598	
1	1868.000	-62.652	
1	1869.000	-62.653	
1	1870.000	-62.608	
1	1871.000	-62.572	
1	1872.000	-62.596	
1	1873.000	-62.627	
1	1874.000	-62.659	
1	1875.000	-62.694	
1	1876.000	-62.732	
1	1877.000	-62.782	
1	1878.000	-62.828	
1	1879.000	-62.842	
1	1880.000	-62.852	
1	1881.000	-62.892	
1	1882.000	-62.946	
1	1883.000	-63.001	
1	1884.000	-63.049	
1	1885.000	-63.073	
1	1886.000	-63.086	
1	1887.000	-63.100	
1	1888.000	-63.122	
1	1889.000	-63.140	
1	1890.000	-63.198	
1	1891.000	-63.289	
1	1892.000	-63.349	
1	1893.000	-63.380	
1	1894.000	-63.393	
1	1895.000	-63.399	
1	1896.000	-63.394	
1	1897.000	-63.391	
1	1898.000	-63.382	
1	1899.000	-63.372	
1	1900.000	-63.392	
1	1901.000	-63.444	
1	1902.000	-63.512	
1	1903.000	-63.557	
1	1904.000	-63.576	
1	1905.000	-63.583	
1	1906.000	-63.565	
1	1907.000	-63.530	
1	1908.000	-63.470	
1	1909.000	-63.365	
1	1910.000	-63.228	
1	1911.000	-63.100	
1	1912.000	-62.961	
1	1913.000	-62.854	
1	1914.000	-62.780	
1	1915.000	-62.713	
1	1916.000	-62.662	
1	1917.000	-62.621	
1	1918.000	-62.580	
1	1919.000	-62.544	
1	1920.000	-62.522	
1	1921.000	-62.526	
1	1922.000	-62.525	
1	1923.000	-62.486	
1	1924.000	-62.427	
1	1925.000	-62.356	
1	1926.000	-62.274	
1	1927.000	-62.186	
1	1928.000	-62.077	
1	1929.000	-61.969	
1	1930.000	-61.888	
1	1931.000	-61.868	
1	1932.000	-61.904	
1	1933.000	-61.898	
1	1934.000	-61.817	
1	1935.000	-61.690	
1	1936.000	-61.568	
1	1937.000	-61.495	
1	1938.000	-61.459	
1	1939.000	-61.433	
1	1940.000	-61.435	
1	1941.000	-61.519	
1	1942.000	-61.653	
1	1943.000	-61.798	
1	1944.000	-61.903	
1	1945.000	-61.980	
1	1946.000	-62.012	
1	1947.000	-62.006	
1	1948.000	-61.990	
1	1949.000	-61.967	
1	1950.000	-61.984	
1	1951.000	-62.050	
1	1952.000	-62.089	
1	1953.000	-62.088	
1	1954.000	-62.091	
1	1955.000	-62.108	
1	1956.000	-62.128	
1	1957.000	-62.139	
1	1958.000	-62.123	
1	1959.000	-62.081	
1	1960.000	-62.006	
1	1961.000	-61.888	
1	1962.000	-61.771	
1	1963.000	-61.679	
1	1964.000	-61.618	
1	1965.000	-61.576	
1	1966.000	-61.542	
1	1967.000	-61.470	
1	1968.000	-61.329	
1	1969.000	-61.169	
1	1970.000	-61.012	
1	1971.000	-60.874	
1	1972.000	-60.781	
1	1973.000	-60.712	
1	1974.000	-60.632	
1	1975.000	-60.549	
1	1976.000	-60.504	
1	1977.000	-60.485	
1	1978.000	-60.495	
1	1979.000	-60.546	
1	1980.000	-60.616	
1	1981.000	-60.690	
1	1982.000	-60.768	
1	1983.000	-60.823	
1	1984.000	-60.841	
1	1985.000	-60.827	
1	1986.000	-60.776	
1	1987.000	-60.708	
1	1988.000	-60.621	
1	1989.000	-60.549	
1	1990.000	-60.463	
1	1991.000	-60.351	
1	1992.000	-60.251	
1	1993.000	-60.178	
1	1994.000	-60.116	
1	1995.000	-60.040	
1	1996.000	-59.938	
1	1997.000	-59.834	
1	1998.000	-59.735	
1	1999.000	-59.664	
1	2000.000	-59.640	
1	2001.000	-59.635	
1	2002.000	-59.604	
1	2003.000	-59.490	
1	2004.000	-59.342	
1	2005.000	-59.211	
1	2006.000	-59.075	
1	2007.000	-58.967	
1	2008.000	-58.900	
1	2009.000	-58.883	
1	2010.000	-58.866	
1	2011.000	-58.825	
1	2012.000	-58.770	
1	2013.000	-58.686	
1	2014.000	-58.596	
1	2015.000	-58.503	
1	2016.000	-58.436	
1	2017.000	-58.383	
1	2018.000	-58.354	
1	2019.000	-58.374	
1	2020.000	-58.445	
1	2021.000	-58.556	
1	2022.000	-58.674	
1	2023.000	-58.753	
1	2024.000	-58.806	
1	2025.000	-58.805	
1	2026.000	-58.777	
1	2027.000	-58.700	
1	2028.000	-58.580	
1	2029.000	-58.442	
1	2030.000	-58.313	
1	2031.000	-58.210	
1	2032.000	-58.133	
1	2033.000	-58.068	
1	2034.000	-58.000	
1	2035.000	-57.940	
1	2036.000	-57.884	
1	2037.000	-57.834	
1	2038.000	-57.817	
1	2039.000	-57.844	
1	2040.000	-57.889	
1	2041.000	-57.910	
1	2042.000	-57.920	
1	2043.000	-57.928	
1	2044.000	-57.926	
1	2045.000	-57.890	
1	2046.000	-57.807	
1	2047.000	-57.683	
1	2048.000	-57.546	
1	2049.000	-57.409	
1	2050.000	-57.293	
1	2051.000	-57.196	
1	2052.000	-57.103	
1	2053.000	-57.026	
1	2054.000	-56.925	
1	2055.000	-56.791	
1	2056.000	-56.626	
1	2057.000	-56.472	
1	2058.000	-56.344	
1	2059.000	-56.234	
1	2060.000	-56.140	
1	2061.000	-56.058	
1	2062.000	-56.024	
1	2063.000	-55.978	
1	2064.000	-55.890	
1	2065.000	-55.765	
1	2066.000	-55.627	
1	2067.000	-55.488	
1	2068.000	-55.387	
1	2069.000	-55.362	
1	2070.000	-55.427	
1	2071.000	-55.526	
1	2072.000	-55.617	
1	2073.000	-55.697	
1	2074.000	-55.794	
1	2075.000	-55.870	
1	2076.000	-55.928	
1	2077.000	-55.957	
1	2078.000	-55.945	
1	2079.000	-55.903	
1	2080.000	-55.881	
1	2081.000	-55.888	
1	2082.000	-55.897	
1	2083.000	-55.863	
1	2084.000	-55.789	
1	2085.000	-55.715	
1	2086.000	-55.688	
1	2087.000	-55.712	
1	2088.000	-55.752	
1	2089.000	-55.779	
1	2090.000	-55.772	
1	2091.000	-55.738	
1	2092.000	-55.707	
1	2093.000	-55.672	
1	2094.000	-55.661	
1	2095.000	-55.662	
1	2096.000	-55.671	
1	2097.000	-55.691	
1	2098.000	-55.726	
1	2099.000	-55.776	
1	2100.000	-55.810	
1	2101.000	-55.806	
1	2102.000	-55.767	
1	2103.000	-55.691	
1	2104.000	-55.589	
1	2105.000	-55.510	
1	2106.000	-55.423	
1	2107.000	-55.327	
1	2108.000	-55.248	
1	2109.000	-55.187	
1	2110.000	-55.131	
1	2111.000	-55.069	
1	2112.000	-55.035	
1	2113.000	-55.023	
1	2114.000	-55.027	
1	2115.000	-55.044	
1	2116.000	-55.056	
1	2117.000	-55.071	
1	2118.000	-55.102	
1	2119.000	-55.119	
1	2120.000	-55.150	
1	2121.000	-55.181	
1	2122.000	-55.182	
1	2123.000	-55.163	
1	2124.000	-55.117	
1	2125.000	-55.107	
1	2126.000	-55.131	
1	2127.000	-55.188	
1	2128.000	-55.260	
1	2129.000	-55.298	
1	2130.000	-55.296	
1	2131.000	-55.267	
1	2132.000	-55.217	
1	2133.000	-55.194	
1	2134.000	-55.195	
1	2135.000	-55.193	
1	2136.000	-55.178	
1	2137.000	-55.193	
1	2138.000	-55.209	
1	2139.000	-55.203	
1	2140.000	-55.194	
1	2141.000	-55.176	
1	2142.000	-55.150	
1	2143.000	-55.113	
1	2144.000	-55.106	
1	2145.000	-55.117	
1	2146.000	-55.099	
1	2147.000	-55.081	
1	2148.000	-55.043	
1	2149.000	-70.000	
1	2150.000	-70.000	
1	2151.000	-69.705	
1	2152.000	-68.343	
1	2153.000	-67.133	
1	2154.000	-66.072	
1	2155.000	-65.078	
1	2156.000	-64.169	
1	2157.000	-63.327	
1	2158.000	-62.565	
1	2159.000	-61.882	
1	2160.000	-61.291	
1	2161.000	-60.750	
1	2162.000	-60.254	
1	2163.000	-59.807	
1	2164.000	-59.429	
1	2165.000	-59.111	
1	2166.000	-58.815	
1	2167.000	-58.560	
1	2168.000	-58.347	
1	2169.000	-58.136	
1	2170.000	-57.924	
1	2171.000	-57.757	
1	2172.000	-57.665	
1	2173.000	-57.583	
1	2174.000	-57.526	
1	2175.000	-57.480	
1	2176.000	-57.435	
1	2177.000	-57.394	
1	2178.000	-57.340	
1	2179.000	-57.252	
1	2180.000	-57.118	
1	2181.000	-56.959	
1	2182.000	-56.794	
1	2183.000	-56.643	
1	2184.000	-56.516	
1	2185.000	-56.411	
1	2186.000	-56.325	
1	2187.000	-56.238	
1	2188.000	-56.140	
1	2189.000	-56.078	
1	2190.000	-56.038	
1	2191.000	-56.032	
1	2192.000	-56.023	
1	2193.000	-55.990	
1	2194.000	-55.962	
1	2195.000	-55.963	
1	2196.000	-55.974	
1	2197.000	-55.966	
1	2198.000	-55.946	
1	2199.000	-55.932	
1	2200.000	-55.931	
1	2201.000	-55.954	
1	2202.000	-55.978	
1	2203.000	-55.980	
1	2204.000	-56.000	
1	2205.000	-56.052	
1	2206.000	-56.105	
1	2207.000	-56.170	
1	2208.000	-56.254	
1	2209.000	-56.320	
1	2210.000	-56.371	
1	2211.000	-56.422	
1	2212.000	-56.472	
1	2213.000	-56.548	
1	2214.000	-56.614	
1	2215.000	-56.713	
1	2216.000	-56.832	
1	2217.000	-56.944	
1	2218.000	-57.046	
1	2219.000	-57.143	
1	2220.000	-57.207	
1	2221.000	-57.284	
1	2222.000	-57.391	
1	2223.000	-57.458	
1	2224.000	-57.503	
1	2225.000	-57.526	
1	2226.000	-57.516	
1	2227.000	-57.528	
1	2228.000	-57.570	
1	2229.000	-57.634	
1	2230.000	-57.717	
1	2231.000	-57.821	
1	2232.000	-57.931	
1	2233.000	-58.050	
1	2234.000	-58.157	
1	2235.000	-58.238	
1	2236.000	-58.315	
1	2237.000	-58.359	
1	2238.000	-58.416	
1	2239.000	-58.477	
1	2240.000	-58.517	
1	2241.000	-58.494	
1	2242.000	-58.450	
1	2243.000	-58.425	
1	2244.000	-58.413	
1	2245.000	-58.420	
1	2246.000	-58.433	
1	2247.000	-58.426	
1	2248.000	-58.421	
1	2249.000	-58.425	
1	2250.000	-58.420	
1	2251.000	-58.404	
1	2252.000	-58.385	
1	2253.000	-58.318	
1	2254.000	-58.248	
1	2255.000	-58.212	
1	2256.000	-58.212	
1	2257.000	-58.197	
1	2258.000	-58.202	
1	2259.000	-58.252	
1	2260.000	-58.337	
1	2261.000	-58.433	
1	2262.000	-58.534	
1	2263.000	-58.637	
1	2264.000	-58.706	
1	2265.000	-58.770	
1	2266.000	-58.817	
1	2267.000	-58.876	
1	2268.000	-58.964	
1	2269.000	-59.081	
1	2270.000	-59.235	
1	2271.000	-59.408	
1	2272.000	-59.583	
1	2273.000	-59.742	
1	2274.000	-59.889	
1	2275.000	-60.001	
1	2276.000	-60.098	
1	2277.000	-60.188	
1	2278.000	-60.285	
1	2279.000	-60.336	
1	2280.000	-60.365	
1	2281.000	-60.355	
1	2282.000	-60.317	
1	2283.000	-60.253	
1	2284.000	-60.190	
1	2285.000	-60.189	
1	2286.000	-60.200	
1	2287.000	-60.180	
1	2288.000	-60.138	
1	2289.000	-60.094	
1	2290.000	-60.059	
1	2291.000	-60.027	
1	2292.000	-60.019	
1	2293.000	-60.041	
1	2294.000	-60.068	
1	2295.000	-60.105	
1	2296.000	-60.124	
1	2297.000	-60.183	
1	2298.000	-60.292	
1	2299.000	-60.387	
1	2300.000	-60.461	
1	2301.000	-60.499	
1	2302.000	-60.516	
1	2303.000	-60.547	
1	2304.000	-60.582	
1	2305.000	-60.596	
1	2306.000	-60.604	
1	2307.000	-60.591	
1	2308.000	-60.610	
1	2309.000	-60.658	
1	2310.000	-60.722	
1	2311.000	-60.791	
1	2312.000	-60.873	
1	2313.000	-60.990	
1	2314.000	-61.117	
1	2315.000	-61.244	
1	2316.000	-61.343	
1	2317.000	-61.412	
1	2318.000	-61.459	
1	2319.000	-61.490	
1	2320.000	-61.515	
1	2321.000	-61.530	
1	2322.000	-61.557	
1	2323.000	-61.584	
1	2324.000	-61.629	
1	2325.000	-61.681	
1	2326.000	-61.762	
1	2327.000	-61.875	
1	2328.000	-62.009	
1	2329.000	-62.164	
1	2330.000	-62.315	
1	2331.000	-62.465	
1	2332.000	-62.632	
1	2333.000	-62.778	
1	2334.000	-62.898	
1	2335.000	-63.013	
1	2336.000	-63.120	
1	2337.000	-63.211	
1	2338.000	-63.311	
1	2339.000	-63.414	
1	2340.000	-63.471	
1	2341.000	-63.442	
1	2342.000	-63.342	
1	2343.000	-63.191	
1	2344.000	-63.022	
1	2345.000	-62.868	
1	2346.000	-62.741	
1	2347.000	-62.635	
1	2348.000	-62.542	
1	2349.000	-62.489	
1	2350.000	-62.464	
1	2351.000	-62.444	
1	2352.000	-62.419	
1	2353.000	-62.412	
1	2354.000	-62.422	
1	2355.000	-62.426	
1	2356.000	-62.412	
1	2357.000	-62.427	
1	2358.000	-62.474	
1	2359.000	-62.570	
1	2360.000	-62.688	
1	2361.000	-62.778	
1	2362.000	-62.828	
1	2363.000	-62.849	
1	2364.000	-62.856	
1	2365.000	-62.869	
1	2366.000	-62.914	
1	2367.000	-62.965	
1	2368.000	-63.008	
1	2369.000	-63.078	
1	2370.000	-63.154	
1	2371.000	-63.225	
1	2372.000	-63.242	
1	2373.000	-63.246	
1	2374.000	-63.221	
1	2375.000	-63.183	
1	2376.000	-63.127	
1	2377.000	-63.084	
1	2378.000	-63.044	
1	2379.000	-63.003	
1	2380.000	-62.977	
1	2381.000	-62.946	
1	2382.000	-62.900	
1	2383.000	-62.815	
1	2384.000	-62.744	
1	2385.000	-62.694	
1	2386.000	-62.654	
1	2387.000	-62.647	
1	2388.000	-62.671	
1	2389.000	-62.702	
1	2390.000	-62.750	
1	2391.000	-62.816	
1	2392.000	-62.875	
1	2393.000	-62.945	
1	2394.000	-62.979	
1	2395.000	-62.969	
1	2396.000	-62.916	
1	2397.000	-62.840	
1	2398.000	-62.748	
1	2399.000	-62.641	
1	2400.000	-62.554	
1	2401.000	-62.530	
1	2402.000	-62.554	
1	2403.000	-62.570	
1	2404.000	-62.577	
1	2405.000	-62.607	
1	2406.000	-62.646	
1	2407.000	-62.689	
1	2408.000	-62.754	
1	2409.000	-62.825	
1	2410.000	-62.876	
1	2411.000	-62.929	
1	2412.000	-62.969	
1	2413.000	-62.934	
1	2414.000	-62.879	
1	2415.000	-62.881	
1	2416.000	-62.871	
1	2417.000	-62.833	
1	2418.000	-62.792	
1	2419.000	-62.754	
1	2420.000	-62.746	
1	2421.000	-62.777	
1	2422.000	-62.815	
1	2423.000	-62.850	
1	2424.000	-62.880	
1	2425.000	-62.900	
1	2426.000	-62.912	
1	2427.000	-62.886	
1	2428.000	-62.849	
1	2429.000	-62.818	
1	2430.000	-62.776	
1	2431.000	-62.700	
1	2432.000	-62.618	
1	2433.000	-62.510	
1	2434.000	-62.399	
1	2435.000	-62.327	
1	2436.000	-62.245	
1	2437.000	-62.148	
1	2438.000	-62.062	
1	2439.000	-61.998	
1	2440.000	-61.968	
1	2441.000	-61.962	
1	2442.000	-61.949	
1	2443.000	-61.949	
1	2444.000	-61.950	
1	2445.000	-61.957	
1	2446.000	-61.962	
1	2447.000	-61.955	
1	2448.000	-61.918	
1	2449.000	-61.892	
1	2450.000	-61.872	
1	2451.000	-61.852	
1	2452.000	-61.781	
1	2453.000	-61.689	
1	2454.000	-61.611	
1	2455.000	-61.538	
1	2456.000	-61.462	
1	2457.000	-61.396	
1	2458.000	-61.355	
1	2459.000	-61.283	
1	2460.000	-61.245	
1	2461.000	-61.243	
1	2462.000	-61.244	
1	2463.000	-61.272	
1	2464.000	-61.296	
1	2465.000	-61.264	
1	2466.000	-61.179	
1	2467.000	-61.045	
1	2468.000	-60.898	
1	2469.000	-60.754	
1	2470.000	-60.641	
1	2471.000	-60.578	
1	2472.000	-60.544	
1	2473.000	-60.520	
1	2474.000	-60.477	
1	2475.000	-60.422	
1	2476.000	-60.357	
1	2477.000	-60.302	
1	2478.000	-60.269	
1	2479.000	-60.215	
1	2480.000	-60.166	
1	2481.000	-60.135	
1	2482.000	-60.075	
1	2483.000	-59.991	
1	2484.000	-59.903	
1	2485.000	-59.833	
1	2486.000	-59.794	
1	2487.000	-59.794	
1	2488.000	-59.798	
1	2489.000	-59.782	
1	2490.000	-59.750	
1	2491.000	-59.712	
1	2492.000	-59.673	
1	2493.000	-59.641	
1	2494.000	-59.619	
1	2495.000	-59.599	
1	2496.000	-59.599	
1	2497.000	-59.658	
1	2498.000	-59.737	
1	2499.000	-59.802	
1	2500.000	-59.831	
1	2501.000	-59.794	
1	2502.000	-59.670	
1	2503.000	-59.479	
1	2504.000	-59.262	
1	2505.000	-59.061	
1	2506.000	-58.929	
1	2507.000	-58.864	
1	2508.000	-58.829	
1	2509.000	-58.810	
1	2510.000	-58.771	
1	2511.000	-58.721	
1	2512.000	-58.686	
1	2513.000	-58.634	
1	2514.000	-58.562	
1	2515.000	-58.484	
1	2516.000	-58.433	
1	2517.000	-58.428	
1	2518.000	-58.406	
1	2519.000	-58.409	
1	2520.000	-58.422	
1	2521.000	-58.398	
1	2522.000	-58.345	
1	2523.000	-58.302	
1	2524.000	-58.273	
1	2525.000	-58.244	
1	2526.000	-58.192	
1	2527.000	-58.142	
1	2528.000	-58.125	
1	2529.000	-58.113	
1	2530.000	-58.069	
1	2531.000	-58.048	
1	2532.000	-58.035	
1	2533.000	-58.032	
1	2534.000	-58.045	
1	2535.000	-58.076	
1	2536.000	-58.100	
1	2537.000	-58.101	
1	2538.000	-58.108	
1	2539.000	-58.151	
1	2540.000	-58.218	
1	2541.000	-58.281	
1	2542.000	-58.307	
1	2543.000	-58.303	
1	2544.000	-58.314	
1	2545.000	-58.319	
1	2546.000	-58.298	
1	2547.000	-58.238	
1	2548.000	-58.174	
1	2549.000	-58.113	
1	2550.000	-58.023	
1	2551.000	-57.892	
1	2552.000	-57.741	
1	2553.000	-57.572	
1	2554.000	-57.421	
1	2555.000	-57.335	
1	2556.000	-57.275	
1	2557.000	-57.213	
1	2558.000	-57.164	
1	2559.000	-57.104	
1	2560.000	-57.067	
1	2561.000	-57.028	
1	2562.000	-56.967	
1	2563.000	-56.868	
1	2564.000	-56.720	
1	2565.000	-56.527	
1	2566.000	-56.349	
1	2567.000	-56.200	
1	2568.000	-56.089	
1	2569.000	-56.031	
1	2570.000	-56.033	
1	2571.000	-56.041	
1	2572.000	-56.017	
1	2573.000	-55.974	
1	2574.000	-55.971	
1	2575.000	-56.028	
1	2576.000	-56.116	
1	2577.000	-56.168	
1	2578.000	-56.170	
1	2579.000	-56.164	
1	2580.000	-56.181	
1	2581.000	-56.213	
1	2582.000	-56.224	
1	2583.000	-56.240	
1	2584.000	-56.252	
1	2585.000	-56.247	
1	2586.000	-56.234	
1	2587.000	-56.192	
1	2588.000	-56.074	
1	2589.000	-55.916	
1	2590.000	-55.767	
1	2591.000	-55.660	
1	2592.000	-55.579	
1	2593.000	-55.517	
1	2594.000	-55.448	
1	2595.000	-55.396	
1	2596.000	-55.365	
1	2597.000	-55.341	
1	2598.000	-55.306	
1	2599.000	-55.238	
1	2600.000	-55.154	
1	2601.000	-55.072	
1	2602.000	-70.000	
1	2603.000	-70.000	
1	2604.000	-69.845	
1	2605.000	-68.375	
1	2606.000	-67.062	
1	2607.000	-65.923	
1	2608.000	-64.904	
1	2609.000	-63.965	
1	2610.000	-63.118	
1	2611.000	-62.375	
1	2612.000	-61.719	
1	2613.000	-61.141	
1	2614.000	-60.676	
1	2615.000	-60.294	
1	2616.000	-59.936	
1	2617.000	-59.573	
1	2618.000	-59.231	
1	2619.000	-58.946	
1	2620.000	-58.655	
1	2621.000	-58.359	
1	2622.000	-58.079	
1	2623.000	-57.821	
1	2624.000	-57.605	
1	2625.000	-57.415	
1	2626.000	-57.262	
1	2627.000	-57.136	
1	2628.000	-57.027	
1	2629.000	-56.910	
1	2630.000	-56.788	
1	2631.000	-56.696	
1	2632.000	-56.600	
1	2633.000	-56.509	
1	2634.000	-56.437	
1	2635.000	-56.379	
1	2636.000	-56.314	
1	2637.000	-56.246	
1	2638.000	-56.172	
1	2639.000	-56.057	
1	2640.000	-55.928	
1	2641.000	-55.822	
1	2642.000	-55.744	
1	2643.000	-55.726	
1	2644.000	-55.726	
1	2645.000	-55.659	
1	2646.000	-55.480	
1	2647.000	-55.254	
1	2648.000	-55.065	
1	2649.000	-70.000	
1	2650.000	-70.000	
1	2651.000	-69.284	
1	2652.000	-67.979	
1	2653.000	-66.815	
1	2654.000	-65.784	
1	2655.000	-64.858	
1	2656.000	-63.979	
1	2657.000	-63.176	
1	2658.000	-62.467	
1	2659.000	-61.843	
1	2660.000	-61.255	
1	2661.000	-60.734	
1	2662.000	-60.256	
1	2663.000	-59.796	
1	2664.000	-59.352	
1	2665.000	-58.961	
1	2666.000	-58.599	
1	2667.000	-58.238	
1	2668.000	-57.932	
1	2669.000	-57.651	
1	2670.000	-57.345	
1	2671.000	-57.050	
1	2672.000	-56.761	
1	2673.000	-56.506	
1	2674.000	-56.309	
1	2675.000	-56.140	
1	2676.000	-55.969	
1	2677.000	-55.820	
1	2678.000	-55.710	
1	2679.000	-55.624	
1	2680.000	-55.533	
1	2681.000	-55.472	
1	2682.000	-55.442	
1	2683.000	-55.470	
1	2684.000	-55.511	
1	2685.000	-55.541	
1	2686.000	-55.548	
1	2687.000	-55.555	
1	2688.000	-55.576	
1	2689.000	-55.591	
1	2690.000	-55.594	
1	2691.000	-55.591	
1	2692.000	-55.564	
1	2693.000	-55.549	
1	2694.000	-55.565	
1	2695.000	-55.594	
1	2696.000	-55.608	
1	2697.000	-55.623	
1	2698.000	-55.637	
1	2699.000	-55.635	
1	2700.000	-55.620	
1	2701.000	-55.540	
1	2702.000	-55.418	
1	2703.000	-55.333	
1	2704.000	-55.304	
1	2705.000	-55.304	
1	2706.000	-55.315	
1	2707.000	-55.360	
1	2708.000	-55.435	
1	2709.000	-55.513	
1	2710.000	-55.578	
1	2711.000	-55.634	
1	2712.000	-55.697	
1	2713.000	-55.793	
1	2714.000	-55.899	
1	2715.000	-56.033	
1	2716.000	-56.170	
1	2717.000	-56.338	
1	2718.000	-56.514	
1	2719.000	-56.705	
1	2720.000	-56.922	
1	2721.000	-57.112	
1	2722.000	-57.251	
1	2723.000	-57.348	
1	2724.000	-57.418	
1	2725.000	-57.448	
1	2726.000	-57.439	
1	2727.000	-57.420	
1	2728.000	-57.410	
1	2729.000	-57.420	
1	2730.000	-57.433	
1	2731.000	-57.452	
1	2732.000	-57.437	
1	2733.000	-57.377	
1	2734.000	-57.304	
1	2735.000	-57.262	
1	2736.000	-57.293	
1	2737.000	-57.348	
1	2738.000	-57.410	
1	2739.000	-57.445	
1	2740.000	-57.456	
1	2741.000	-57.460	
1	2742.000	-57.453	
1	2743.000	-57.470	
1	2744.000	-57.570	
1	2745.000	-57.702	
1	2746.000	-57.823	
1	2747.000	-57.902	
1	2748.000	-57.978	
1	2749.000	-58.085	
1	2750.000	-58.205	
1	2751.000	-58.304	
1	2752.000	-58.378	
1	2753.000	-58.462	
1	2754.000	-58.538	
1	2755.000	-58.645	
1	2756.000	-58.747	
1	2757.000	-58.855	
1	2758.000	-58.944	
1	2759.000	-59.058	
1	2760.000	-59.225	
1	2761.000	-59.440	
1	2762.000	-59.646	
1	2763.000	-59.799	
1	2764.000	-59.895	
1	2765.000	-59.947	
1	2766.000	-59.958	
1	2767.000	-59.931	
1	2768.000	-59.892	
1	2769.000	-59.864	
1	2770.000	-59.837	
1	2771.000	-59.774	
1	2772.000	-59.708	
1	2773.000	-59.666	
1	2774.000	-59.649	
1	2775.000	-59.640	
1	2776.000	-59.647	
1	2777.000	-59.639	
1	2778.000	-59.611	
1	2779.000	-59.604	
1	2780.000	-59.669	
1	2781.000	-59.781	
1	2782.000	-59.911	
1	2783.000	-60.059	
1	2784.000	-60.245	
1	2785.000	-60.455	
1	2786.000	-60.636	
1	2787.000	-60.757	
1	2788.000	-60.806	
1	2789.000	-60.832	
1	2790.000	-60.860	
1	2791.000	-60.903	
1	2792.000	-60.955	
1	2793.000	-60.968	
1	2794.000	-60.936	
1	2795.000	-60.875	
1	2796.000	-60.800	
1	2797.000	-60.767	
1	2798.000	-60.781	
1	2799.000	-60.838	
1	2800.000	-60.902	
1	2801.000	-60.981	
1	2802.000	-61.092	
1	2803.000	-61.226	
1	2804.000	-61.387	
1	2805.000	-61.533	
1	2806.000	-61.629	
1	2807.000	-61.633	
1	2808.000	-61.573	
1	2809.000	-61.506	
1	2810.000	-61.462	
1	2811.000	-61.463	
1	2812.000	-61.540	
1	2813.000	-61.638	
1	2814.000	-61.756	
1	2815.000	-61.853	
1	2816.000	-61.858	
1	2817.000	-61.807	
1	2818.000	-61.746	
1	2819.000	-61.727	
1	2820.000	-61.760	
1	2821.000	-61.824	
1	2822.000	-61.926	
1	2823.000	-62.027	
1	2824.000	-62.094	
1	2825.000	-62.158	
1	2826.000	-62.244	
1	2827.000	-62.340	
1	2828.000	-62.464	
1	2829.000	-62.573	
1	2830.000	-62.647	
1	2831.000	-62.682	
1	2832.000	-62.661	
1	2833.000	-62.593	
1	2834.000	-62.560	
1	2835.000	-62.580	
1	2836.000	-62.654	
1	2837.000	-62.734	
1	2838.000	-62.781	
1	2839.000	-62.833	
1	2840.000	-62.893	
1	2841.000	-62.918	
1	2842.000	-62.889	
1	2843.000	-62.878	
1	2844.000	-62.908	
1	2845.000	-62.974	
1	2846.000	-63.045	
1	2847.000	-63.135	
1	2848.000	-63.232	
1	2849.000	-63.307	
1	2850.000	-63.388	
1	2851.000	-63.491	
1	2852.000	-63.566	
1	2853.000	-63.587	
1	2854.000	-63.608	
1	2855.000	-63.619	
1	2856.000	-63.632	
1	2857.000	-63.606	
1	2858.000	-63.543	
1	2859.000	-63.487	
1	2860.000	-63.450	
1	2861.000	-63.413	
1	2862.000	-63.375	
1	2863.000	-63.347	
1	2864.000	-63.342	
1	2865.000	-63.368	
1	2866.000	-63.424	
1	2867.000	-63.486	
1	2868.000	-63.542	
1	2869.000	-63.615	
1	2870.000	-63.694	
1	2871.000	-63.747	
1	2872.000	-63.757	
1	2873.000	-63.742	
1	2874.000	-63.683	
1	2875.000	-63.590	
1	2876.000	-63.473	
1	2877.000	-63.350	
1	2878.000	-63.264	
1	2879.000	-63.186	
1	2880.000	-63.133	
1	2881.000	-63.110	
1	2882.000	-63.120	
1	2883.000	-63.150	
1	2884.000	-63.253	
1	2885.000	-63.399	
1	2886.000	-63.497	
1	2887.000	-63.538	
1	2888.000	-63.543	
1	2889.000	-63.570	
1	2890.000	-63.605	
1	2891.000	-63.607	
1	2892.000	-63.566	
1	2893.000	-63.506	
1	2894.000	-63.454	
1	2895.000	-63.412	
1	2896.000	-63.396	
1	2897.000	-63.387	
1	2898.000	-63.372	
1	2899.000	-63.352	
1	2900.000	-63.318	
1	2901.000	-63.276	
1	2902.000	-63.218	
1	2903.000	-63.179	
1	2904.000	-63.145	
1	2905.000	-63.103	
1	2906.000	-63.081	
1	2907.000	-63.061	
1	2908.000	-63.007	
1	2909.000	-62.970	
1	2910.000	-62.943	
1	2911.000	-62.903	
1	2912.000	-62.860	
1	2913.000	-62.822	
1	2914.000	-62.819	
1	2915.000	-62.823	
1	2916.000	-62.818	
1	2917.000	-62.793	
1	2918.000	-62.774	
1	2919.000	-62.748	
1	2920.000	-62.714	
1	2921.000	-62.686	
1	2922.000	-62.670	
1	2923.000	-62.636	
1	2924.000	-62.601	
1	2925.000	-62.563	
1	2926.000	-62.510	
1	2927.000	-62.473	
1	2928.000	-62.464	
1	2929.000	-62.447	
1	2930.000	-62.409	
1	2931.000	-62.387	
1	2932.000	-62.387	
1	2933.000	-62.390	
1	2934.000	-62.411	
1	2935.000	-62.418	
1	2936.000	-62.397	
1	2937.000	-62.372	
1	2938.000	-62.363	
1	2939.000	-62.339	
1	2940.000	-62.293	
1	2941.000	-62.275	
1	2942.000	-62.326	
1	2943.000	-62.381	
1	2944.000	-62.374	
1	2945.000	-62.360	
1	2946.000	-62.362	
1	2947.000	-62.402	
1	2948.000	-62.442	
1	2949.000	-62.438	
1	2950.000	-62.371	
1	2951.000	-62.250	
1	2952.000	-62.111	
1	2953.000	-62.015	
1	2954.000	-61.958	
1	2955.000	-61.916	
1	2956.000	-61.920	
1	2957.000	-61.935	
1	2958.000	-61.937	
1	2959.000	-61.933	
1	2960.000	-61.899	
1	2961.000	-61.850	
1	2962.000	-61.787	
1	2963.000	-61.711	
1	2964.000	-61.618	
1	2965.000	-61.542	
1	2966.000	-61.466	
1	2967.000	-61.400	
1	2968.000	-61.350	
1	2969.000	-61.292	
1	2970.000	-61.197	
1	2971.000	-61.071	
1	2972.000	-60.916	
1	2973.000	-60.749	
1	2974.000	-60.581	
1	2975.000	-60.442	
1	2976.000	-60.326	
1	2977.000	-60.233	
1	2978.000	-60.179	
1	2979.000	-60.154	
1	2980.000	-60.138	
1	2981.000	-60.135	
1	2982.000	-60.138	
1	2983.000	-60.170	
1	2984.000	-60.218	
1	2985.000	-60.269	
1	2986.000	-60.335	
1	2987.000	-60.402	
1	2988.000	-60.449	
1	2989.000	-60.466	
1	2990.000	-60.440	
1	2991.000	-60.392	
1	2992.000	-60.368	
1	2993.000	-60.348	
1	2994.000	-60.328	
1	2995.000	-60.290	
1	2996.000	-60.231	
1	2997.000	-60.170	
1	2998.000	-60.196	
1	2999.000	-60.281	
1	3000.000	-60.367	
1	3001.000	-60.424	
1	3002.000	-60.490	
1	3003.000	-60.517	
1	3004.000	-60.509	
1	3005.000	-60.470	
1	3006.000	-60.385	
1	3007.000	-60.290	
1	3008.000	-60.168	
1	3009.000	-60.019	
1	3010.000	-59.843	
1	3011.000	-59.666	
1	3012.000	-59.484	
1	3013.000	-59.316	
1	3014.000	-59.168	
1	3015.000	-59.047	
1	3016.000	-58.953	
1	3017.000	-58.882	
1	3018.000	-58.822	
1	3019.000	-58.749	
1	3020.000	-58.667	
1	3021.000	-58.592	
1	3022.000	-58.522	
1	3023.000	-58.432	
1	3024.000	-58.341	
1	3025.000	-58.236	
1	3026.000	-58.141	
1	3027.000	-58.058	
1	3028.000	-57.982	
1	3029.000	-57.870	
1	3030.000	-57.742	
1	3031.000	-57.662	
1	3032.000	-57.616	
1	3033.000	-57.556	
1	3034.000	-57.489	
1	3035.000	-57.424	
1	3036.000	-57.388	
1	3037.000	-57.401	
1	3038.000	-57.431	
1	3039.000	-57.468	
1	3040.000	-57.512	
1	3041.000	-57.567	
1	3042.000	-57.595	
1	3043.000	-57.607	
1	3044.000	-57.613	
1	3045.000	-57.603	
1	3046.000	-57.537	
1	3047.000	-57.457	
1	3048.000	-57.393	
1	3049.000	-57.347	
1	3050.000	-57.295	
1	3051.000	-57.213	
1	3052.000	-57.121	
1	3053.000	-57.032	
1	3054.000	-56.964	
1	3055.000	-56.927	
1	3056.000	-56.924	
1	3057.000	-56.964	
1	3058.000	-57.003	
1	3059.000	-57.028	
1	3060.000	-57.058	
1	3061.000	-57.088	
1	3062.000	-57.107	
1	3063.000	-57.100	
1	3064.000	-57.071	
1	3065.000	-57.017	
1	3066.000	-56.924	
1	3067.000	-56.831	
1	3068.000	-56.773	
1	3069.000	-56.734	
1	3070.000	-56.717	
1	3071.000	-56.693	
1	3072.000	-56.667	
1	3073.000	-56.665	
1	3074.000	-56.688	
1	3075.000	-56.719	
1	3076.000	-56.720	
1	3077.000	-56.682	
1	3078.000	-56.641	
1	3079.000	-56.593	
1	3080.000	-56.552	
1	3081.000	-56.509	
1	3082.000	-56.452	
1	3083.000	-56.397	
1	3084.000	-56.342	
1	3085.000	-56.299	
1	3086.000	-56.278	
1	3087.000	-56.279	
1	3088.000	-56.321	
1	3089.000	-56.374	
1	3090.000	-56.379	
1	3091.000	-56.339	
1	3092.000	-56.304	
1	3093.000	-56.238	
1	3094.000	-56.158	
1	3095.000	-56.095	
1	3096.000	-56.063	
1	3097.000	-56.036	
1	3098.000	-55.988	
1	3099.000	-55.905	
1	3100.000	-55.810	
1	3101.000	-55.737	
1	3102.000	-55.665	
1	3103.000	-55.586	
1	3104.000	-55.542	
1	3105.000	-55.486	
1	3106.000	-55.408	
1	3107.000	-55.305	
1	3108.000	-55.171	
1	3109.000	-55.064	
1	3110.000	-55.009	
1	3111.000	-55.005	
1	3112.000	-55.012	
1	3113.000	-55.001	
1	3114.000	-70.000	
1	3115.000	-70.000	
1	3116.000	-68.673	
1	3117.000	-67.339	
1	3118.000	-66.153	
1	3119.000	-65.086	
1	3120.000	-64.091	
1	3121.000	-63.164	
1	3122.000	-62.352	
1	3123.000	-61.619	
1	3124.000	-60.933	
1	3125.000	-60.314	
1	3126.000	-59.759	
1	3127.000	-59.286	
1	3128.000	-58.893	
1	3129.000	-58.550	
1	3130.000	-58.274	
1	3131.000	-58.045	
1	3132.000	-57.810	
1	3133.000	-57.589	
1	3134.000	-57.374	
1	3135.000	-57.150	
1	3136.000	-56.932	
1	3137.000	-56.719	
1	3138.000	-56.521	
1	3139.000	-56.350	
1	3140.000	-56.212	
1	3141.000	-56.156	
1	3142.000	-56.158	
1	3143.000	-56.202	
1	3144.000	-56.304	
1	3145.000	-56.462	
1	3146.000	-56.598	
1	3147.000	-56.674	
1	3148.000	-56.711	
1	3149.000	-56.737	
1	3150.000	-56.712	
1	3151.000	-56.641	
1	3152.000	-56.555	
1	3153.000	-56.469	
1	3154.000	-56.376	
1	3155.000	-56.276	
1	3156.000	-56.171	
1	3157.000	-56.072	
1	3158.000	-55.983	
1	3159.000	-55.904	
1	3160.000	-55.843	
1	3161.000	-55.801	
1	3162.000	-55.779	
1	3163.000	-55.748	
1	3164.000	-55.712	
1	3165.000	-55.701	
1	3166.000	-55.683	
1	3167.000	-55.649	
1	3168.000	-55.624	
1	3169.000	-55.607	
1	3170.000	-55.605	
1	3171.000	-55.612	
1	3172.000	-55.620	
1	3173.000	-55.626	
1	3174.000	-55.639	
1	3175.000	-55.659	
1	3176.000	-55.669	
1	3177.000	-55.650	
1	3178.000	-55.630	
1	3179.000	-55.631	
1	3180.000	-55.675	
1	3181.000	-55.725	
1	3182.000	-55.757	
1	3183.000	-55.763	
1	3184.000	-55.762	
1	3185.000	-55.783	
1	3186.000	-55.824	
1	3187.000	-55.895	
1	3188.000	-55.953	
1	3189.000	-55.966	
1	3190.000	-55.947	
1	3191.000	-55.914	
1	3192.000	-55.884	
1	3193.000	-55.859	
1	3194.000	-55.865	
1	3195.000	-55.874	
1	3196.000	-55.911	
1	3197.000	-55.954	
1	3198.000	-56.008	
1	3199.000	-56.066	
1	3200.000	-56.130	
1	3201.000	-56.190	
1	3202.000	-56.271	
1	3203.000	-56.342	
1	3204.000	-56.383	
1	3205.000	-56.432	
1	3206.000	-56.523	
1	3207.000	-56.601	
1	3208.000	-56.625	
1	3209.000	-56.613	
1	3210.000	-56.598	
1	3211.000	-56.587	
1	3212.000	-56.591	
1	3213.000	-56.613	
1	3214.000	-56.630	
1	3215.000	-56.680	
1	3216.000	-56.759	
1	3217.000	-56.841	
1	3218.000	-56.904	
1	3219.000	-56.979	
1	3220.000	-57.081	
1	3221.000	-57.186	
1	3222.000	-57.280	
1	3223.000	-57.378	
1	3224.000	-57.465	
1	3225.000	-57.515	
1	3226.000	-57.543	
1	3227.000	-57.589	
1	3228.000	-57.645	
1	3229.000	-57.730	
1	3230.000	-57.866	
1	3231.000	-57.998	
1	3232.000	-58.125	
1	3233.000	-58.250	
1	3234.000	-58.369	
1	3235.000	-58.458	
1	3236.000	-58.538	
1	3237.000	-58.604	
1	3238.000	-58.652	
1	3239.000	-58.666	
1	3240.000	-58.653	
1	3241.000	-58.652	
1	3242.000	-58.656	
1	3243.000	-58.694	
1	3244.000	-58.767	
1	3245.000	-58.852	
1	3246.000	-58.958	
1	3247.000	-59.071	
1	3248.000	-59.166	
1	3249.000	-59.224	
1	3250.000	-59.261	
1	3251.000	-59.285	
1	3252.000	-59.288	
1	3253.000	-59.279	
1	3254.000	-59.281	
1	3255.000	-59.326	
1	3256.000	-59.399	
1	3257.000	-59.460	
1	3258.000	-59.495	
1	3259.000	-59.516	
1	3260.000	-59.487	
1	3261.000	-59.417	
1	3262.000	-59.308	
1	3263.000	-59.203	
1	3264.000	-59.127	
1	3265.000	-59.074	
1	3266.000	-59.067	
1	3267.000	-59.107	
1	3268.000	-59.134	
1	3269.000	-59.124	
1	3270.000	-59.117	
1	3271.000	-59.148	
1	3272.000	-59.214	
1	3273.000	-59.284	
1	3274.000	-59.360	
1	3275.000	-59.469	
1	3276.000	-59.590	
1	3277.000	-59.695	
1	3278.000	-59.791	
1	3279.000	-59.847	
1	3280.000	-59.872	
1	3281.000	-59.885	
1	3282.000	-59.911	
1	3283.000	-59.962	
1	3284.000	-60.021	
1	3285.000	-60.052	
1	3286.000	-60.046	
1	3287.000	-60.040	
1	3288.000	-60.065	
1	3289.000	-60.132	
1	3290.000	-60.255	
1	3291.000	-60.386	
1	3292.000	-60.531	
1	3293.000	-60.704	
1	3294.000	-60.885	
1	3295.000	-61.034	
1	3296.000	-61.159	
1	3297.000	-61.247	
1	3298.000	-61.306	
1	3299.000	-61.368	
1	3300.000	-61.418	
1	3301.000	-61.473	
1	3302.000	-61.565	
1	3303.000	-61.663	
1	3304.000	-61.752	
1	3305.000	-61.829	
1	3306.000	-61.878	
1	3307.000	-61.879	
1	3308.000	-61.819	
1	3309.000	-61.746	
1	3310.000	-61.661	
1	3311.000	-61.566	
1	3312.000	-61.519	
1	3313.000	-61.537	
1	3314.000	-61.579	
1	3315.000	-61.621	
1	3316.000	-61.665	
1	3317.000	-61.725	
1	3318.000	-61.780	
1	3319.000	-61.835	
1	3320.000	-61.898	
1	3321.000	-61.971	
1	3322.000	-62.054	
1	3323.000	-62.098	
1	3324.000	-62.127	
1	3325.000	-62.157	
1	3326.000	-62.185	
1	3327.000	-62.225	
1	3328.000	-62.258	
1	3329.000	-62.293	
1	3330.000	-62.315	
1	3331.000	-62.373	
1	3332.000	-62.466	
1	3333.000	-62.590	
1	3334.000	-62.727	
1	3335.000	-62.856	
1	3336.000	-62.936	
1	3337.000	-62.985	
1	3338.000	-63.005	
1	3339.000	-62.991	
1	3340.000	-62.948	
1	3341.000	-62.913	
1	3342.000	-62.867	
1	3343.000	-62.795	
1	3344.000	-62.696	
1	3345.000	-62.619	
1	3346.000	-62.571	
1	3347.000	-62.501	
1	3348.000	-62.436	
1	3349.000	-62.387	
1	3350.000	-62.374	
1	3351.000	-62.350	
1	3352.000	-62.307	
1	3353.000	-62.239	
1	3354.000	-62.170	
1	3355.000	-62.119	
1	3356.000	-62.077	
1	3357.000	-62.074	
1	3358.000	-62.111	
1	3359.000	-62.185	
1	3360.000	-62.291	
1	3361.000	-62.406	
1	3362.000	-62.507	
1	3363.000	-62.588	
1	3364.000	-62.662	
1	3365.000	-62.736	
1	3366.000	-62.796	
1	3367.000	-62.869	
1	3368.000	-62.987	
1	3369.000	-63.143	
1	3370.000	-63.268	
1	3371.000	-63.353	
1	3372.000	-63.418	
1	3373.000	-63.453	
1	3374.000	-63.459	
1	3375.000	-63.434	
1	3376.000	-63.383	
1	3377.000	-63.358	
1	3378.000	-63.392	
1	3379.000	-63.465	
1	3380.000	-63.515	
1	3381.000	-63.543	
1	3382.000	-63.530	
1	3383.000	-63.536	
1	3384.000	-63.580	
1	3385.000	-63.668	
1	3386.000	-63.748	
1	3387.000	-63.791	
1	3388.000	-63.799	
1	3389.000	-63.812	
1	3390.000	-63.845	
1	3391.000	-63.838	
1	3392.000	-63.805	
1	3393.000	-63.743	
1	3394.000	-63.683	
1	3395.000	-63.614	
1	3396.000	-63.490	
1	3397.000	-63.339	
1	3398.000	-63.194	
1	3399.000	-63.069	
1	3400.000	-62.987	
1	3401.000	-62.934	
1	3402.000	-62.878	
1	3403.000	-62.825	
1	3404.000	-62.794	
1	3405.000	-62.787	
1	3406.000	-62.762	
1	3407.000	-62.748	
1	3408.000	-62.788	
1	3409.000	-62.901	
1	3410.000	-63.052	
1	3411.000	-63.190	
1	3412.000	-63.296	
1	3413.000	-63.421	
1	3414.000	-63.549	
1	3415.000	-63.630	
1	3416.000	-63.673	
1	3417.000	-63.686	
1	3418.000	-63.687	
1	3419.000	-63.691	
1	3420.000	-63.693	
1	3421.000	-63.678	
1	3422.000	-63.637	
1	3423.000	-63.553	
1	3424.000	-63.441	
1	3425.000	-63.324	
1	3426.000	-63.198	
1	3427.000	-63.073	
1	3428.000	-62.958	
1	3429.000	-62.831	
1	3430.000	-62.682	
1	3431.000	-62.518	
1	3432.000	-62.367	
1	3433.000	-62.255	
1	3434.000	-62.189	
1	3435.000	-62.116	
1	3436.000	-62.028	
1	3437.000	-61.942	
1	3438.000	-61.893	
1	3439.000	-61.890	
1	3440.000	-61.888	
1	3441.000	-61.873	
1	3442.000	-61.835	
1	3443.000	-61.785	
1	3444.000	-61.714	
1	3445.000	-61.643	
1	3446.000	-61.577	
1	3447.000	-61.546	
1	3448.000	-61.512	
1	3449.000	-61.466	
1	3450.000	-61.403	
1	3451.000	-61.354	
1	3452.000	-61.280	
1	3453.000	-61.210	
1	3454.000	-61.150	
1	3455.000	-61.122	
1	3456.000	-61.142	
1	3457.000	-61.193	
1	3458.000	-61.267	
1	3459.000	-61.364	
1	3460.000	-61.457	
1	3461.000	-61.522	
1	3462.000	-61.586	
1	3463.000	-61.631	
1	3464.000	-61.639	
1	3465.000	-61.637	
1	3466.000	-61.625	
1	3467.000	-61.572	
1	3468.000	-61.508	
1	3469.000	-61.465	
1	3470.000	-61.432	
1	3471.000	-61.397	
1	3472.000	-61.357	
1	3473.000	-61.305	
1	3474.000	-61.232	
1	3475.000	-61.153	
1	3476.000	-61.103	
1	3477.000	-61.078	
1	3478.000	-61.043	
1	3479.000	-60.978	
1	3480.000	-60.887	
1	3481.000	-60.831	
1	3482.000	-60.825	
1	3483.000	-60.841	
1	3484.000	-60.834	
1	3485.000	-60.810	
1	3486.000	-60.769	
1	3487.000	-60.715	
1	3488.000	-60.681	
1	3489.000	-60.651	
1	3490.000	-60.632	
1	3491.000	-60.618	
1	3492.000	-60.613	
1	3493.000	-60.624	
1	3494.000	-60.618	
1	3495.000	-60.558	
1	3496.000	-60.480	
1	3497.000	-60.398	
1	3498.000	-60.313	
1	3499.000	-60.202	
1	3500.000	-60.037	
1	3501.000	-59.862	
1	3502.000	-59.716	
1	3503.000	-59.557	
1	3504.000	-59.396	
1	3505.000	-59.244	
1	3506.000	-59.095	
1	3507.000	-58.978	
1	3508.000	-58.895	
1	3509.000	-58.825	
1	3510.000	-58.769	
1	3511.000	-58.728	
1	3512.000	-58.708	
1	3513.000	-58.732	
1	3514.000	-58.734	
1	3515.000	-58.670	
1	3516.000	-58.587	
1	3517.000	-58.496	
1	3518.000	-58.403	
1	3519.000	-58.329	
1	3520.000	-58.270	
1	3521.000	-58.173	
1	3522.000	-58.062	
1	3523.000	-57.935	
1	3524.000	-57.821	
1	3525.000	-57.727	
1	3526.000	-57.630	
1	3527.000	-57.528	
1	3528.000	-57.441	
1	3529.000	-57.382	
1	3530.000	-57.353	
1	3531.000	-57.348	
1	3532.000	-57.374	
1	3533.000	-57.383	
1	3534.000	-57.337	
1	3535.000	-57.264	
1	3536.000	-57.176	
1	3537.000	-57.127	
1	3538.000	-57.128	
1	3539.000	-57.158	
1	3540.000	-57.184	
1	3541.000	-57.193	
1	3542.000	-57.202	
1	3543.000	-57.230	
1	3544.000	-57.244	
1	3545.000	-57.213	
1	3546.000	-57.170	
1	3547.000	-57.149	
1	3548.000	-57.126	
1	3549.000	-57.061	
1	3550.000	-56.960	
1	3551.000	-56.838	
1	3552.000	-56.732	
1	3553.000	-56.635	
1	3554.000	-56.529	
1	3555.000	-56.438	
1	3556.000	-56.359	
1	3557.000	-56.282	
1	3558.000	-56.192	
1	3559.000	-56.111	
1	3560.000	-56.040	
1	3561.000	-55.965	
1	3562.000	-55.884	
1	3563.000	-55.825	
1	3564.000	-55.767	
1	3565.000	-55.700	
1	3566.000	-55.635	
1	3567.000	-55.597	
1	3568.000	-55.584	
1	3569.000	-55.596	
1	3570.000	-55.638	
1	3571.000	-55.684	
1	3572.000	-55.738	
1	3573.000	-55.782	
1	3574.000	-55.817	
1	3575.000	-55.841	
1	3576.000	-55.879	
1	3577.000	-55.928	
1	3578.000	-55.993	
1	3579.000	-56.044	
1	3580.000	-56.055	
1	3581.000	-56.016	
1	3582.000	-55.971	
1	3583.000	-55.892	
1	3584.000	-55.771	
1	3585.000	-55.636	
1	3586.000	-55.561	
1	3587.000	-55.498	
1	3588.000	-55.401	
1	3589.000	-55.290	
1	3590.000	-55.177	
1	3591.000	-55.054	
1	3592.000	-70.000	
1	3593.000	-70.000	
1	3594.000	-69.396	
1	3595.000	-67.990	
1	3596.000	-66.716	
1	3597.000	-65.572	
1	3598.000	-64.545	
1	3599.000	-63.616	
1	3600.000	-62.718	
1	3601.000	-61.861	
1	3602.000	-61.057	
1	3603.000	-60.324	
1	3604.000	-59.693	
1	3605.000	-59.144	
1	3606.000	-58.664	
1	3607.000	-58.262	
1	3608.000	-57.939	
1	3609.000	-57.717	
1	3610.000	-57.536	
1	3611.000	-57.324	
1	3612.000	-57.107	
1	3613.000	-56.891	
1	3614.000	-56.705	
1	3615.000	-56.525	
1	3616.000	-56.342	
1	3617.000	-56.164	
1	3618.000	-55.975	
1	3619.000	-55.814	
1	3620.000	-55.732	
1	3621.000	-55.687	
1	3622.000	-55.641	
1	3623.000	-55.583	
1	3624.000	-55.566	
1	3625.000	-55.588	
1	3626.000	-55.667	
1	3627.000	-55.764	
1	3628.000	-55.824	
1	3629.000	-55.843	
1	3630.000	-55.833	
1	3631.000	-55.819	
1	3632.000	-55.796	
1	3633.000	-55.763	
1	3634.000	-55.722	
1	3635.000	-55.644	
1	3636.000	-55.556	
1	3637.000	-55.481	
1	3638.000	-55.449	
1	3639.000	-55.433	
1	3640.000	-55.402	
1	3641.000	-55.351	
1	3642.000	-55.283	
1	3643.000	-55.222	
1	3644.000	-55.194	
1	3645.000	-55.209	
1	3646.000	-55.240	
1	3647.000	-55.275	
1	3648.000	-55.347	
1	3649.000	-55.435	
1	3650.000	-55.493	
1	3651.000	-55.517	
1	3652.000	-55.542	
1	3653.000	-55.547	
1	3654.000	-55.481	
1	3655.000	-55.401	
1	3656.000	-55.364	
1	3657.000	-55.385	
1	3658.000	-55.432	
1	3659.000	-55.487	
1	3660.000	-55.571	
1	3661.000	-55.691	
1	3662.000	-55.813	
1	3663.000	-55.929	
1	3664.000	-56.018	
1	3665.000	-56.082	
1	3666.000	-56.112	
1	3667.000	-56.127	
1	3668.000	-56.113	
1	3669.000	-56.072	
1	3670.000	-56.021	
1	3671.000	-55.965	
1	3672.000	-55.914	
1	3673.000	-55.897	
1	3674.000	-55.919	
1	3675.000	-55.899	
1	3676.000	-55.861	
1	3677.000	-55.825	
1	3678.000	-55.806	
1	3679.000	-55.797	
1	3680.000	-55.836	
1	3681.000	-55.917	
1	3682.000	-55.992	
1	3683.000	-56.069	
1	3684.000	-56.150	
1	3685.000	-56.252	
1	3686.000	-56.377	
1	3687.000	-56.482	
1	3688.000	-56.556	
1	3689.000	-56.627	
1	3690.000	-56.706	
1	3691.000	-56.792	
1	3692.000	-56.873	
1	3693.000	-56.970	
1	3694.000	-57.093	
1	3695.000	-57.210	
1	3696.000	-57.322	
1	3697.000	-57.427	
1	3698.000	-57.517	
1	3699.000	-57.597	
1	3700.000	-57.649	
1	3701.000	-57.672	
1	3702.000	-57.665	
1	3703.000	-57.639	
1	3704.000	-57.663	
1	3705.000	-57.731	
1	3706.000	-57.800	
1	3707.000	-57.842	
1	3708.000	-57.839	
1	3709.000	-57.814	
1	3710.000	-57.818	
1	3711.000	-57.859	
1	3712.000	-57.911	
1	3713.000	-57.935	
1	3714.000	-57.906	
1	3715.000	-57.850	
1	3716.000	-57.806	
1	3717.000	-57.760	
1	3718.000	-57.705	
1	3719.000	-57.638	
1	3720.000	-57.577	
1	3721.000	-57.536	
1	3722.000	-57.541	
1	3723.000	-57.554	
1	3724.000	-57.565	
1	3725.000	-57.602	
1	3726.000	-57.680	
1	3727.000	-57.737	
1	3728.000	-57.769	
1	3729.000	-57.797	
1	3730.000	-57.814	
1	3731.000	-57.829	
1	3732.000	-57.854	
1	3733.000	-57.824	
1	3734.000	-57.757	
1	3735.000	-57.653	
1	3736.000	-57.547	
1	3737.000	-57.477	
1	3738.000	-57.450	
1	3739.000	-57.486	
1	3740.000	-57.607	
1	3741.000	-57.762	
1	3742.000	-57.894	
1	3743.000	-58.016	
1	3744.000	-58.178	
1	3745.000	-58.395	
1	3746.000	-58.608	
1	3747.000	-58.790	
1	3748.000	-58.921	
1	3749.000	-59.017	
1	3750.000	-59.088	
1	3751.000	-59.111	
1	3752.000	-59.129	
1	3753.000	-59.138	
1	3754.000	-59.147	
1	3755.000	-59.160	
1	3756.000	-59.183	
1	3757.000	-59.227	
1	3758.000	-59.271	
1	3759.000	-59.336	
1	3760.000	-59.396	
1	3761.000	-59.442	
1	3762.000	-59.455	
1	3763.000	-59.459	
1	3764.000	-59.502	
1	3765.000	-59.597	
1	3766.000	-59.724	
1	3767.000	-59.823	
1	3768.000	-59.889	
1	3769.000	-59.938	
1	3770.000	-59.979	
1	3771.000	-59.992	
1	3772.000	-59.974	
1	3773.000	-59.958	
1	3774.000	-59.926	
1	3775.000	-59.878	
1	3776.000	-59.839	
1	3777.000	-59.819	
1	3778.000	-59.836	
1	3779.000	-59.931	
1	3780.000	-60.078	
1	3781.000	-60.242	
1	3782.000	-60.411	
1	3783.000	-60.534	
1	3784.000	-60.632	
1	3785.000	-60.761	
1	3786.000	-60.885	
1	3787.000	-60.988	
1	3788.000	-61.077	
1	3789.000	-61.139	
1	3790.000	-61.164	
1	3791.000	-61.187	
1	3792.000	-61.212	
1	3793.000	-61.204	
1	3794.000	-61.180	
1	3795.000	-61.118	
1	3796.000	-61.064	
1	3797.000	-61.031	
1	3798.000	-60.995	
1	3799.000	-60.945	
1	3800.000	-60.908	
1	3801.000	-60.884	
1	3802.000	-60.884	
1	3803.000	-60.933	
1	3804.000	-61.029	
1	3805.000	-61.138	
1	3806.000	-61.202	
1	3807.000	-61.204	
1	3808.000	-61.191	
1	3809.000	-61.161	
1	3810.000	-61.121	
1	3811.000	-61.098	
1	3812.000	-61.116	
1	3813.000	-61.134	
1	3814.000	-61.175	
1	3815.000	-61.232	
1	3816.000	-61.294	
1	3817.000	-61.355	
1	3818.000	-61.422	
1	3819.000	-61.491	
1	3820.000	-61.560	
1	3821.000	-61.608	
1	3822.000	-61.623	
1	3823.000	-61.634	
1	3824.000	-61.667	
1	3825.000	-61.717	
1	3826.000	-61.744	
1	3827.000	-61.743	
1	3828.000	-61.761	
1	3829.000	-61.770	
1	3830.000	-61.762	
1	3831.000	-61.748	
1	3832.000	-61.665	
1	3833.000	-61.566	
1	3834.000	-61.498	
1	3835.000	-61.463	
1	3836.000	-61.448	
1	3837.000	-61.452	
1	3838.000	-61.491	
1	3839.000	-61.564	
1	3840.000	-61.705	
1	3841.000	-61.857	
1	3842.000	-61.991	
1	3843.000	-62.121	
1	3844.000	-62.231	
1	3845.000	-62.330	
1	3846.000	-62.424	
1	3847.000	-62.519	
1	3848.000	-62.600	
1	3849.000	-62.652	
1	3850.000	-62.676	
1	3851.000	-62.712	
1	3852.000	-62.794	
1	3853.000	-62.895	
1	3854.000	-63.004	
1	3855.000	-63.095	
1	3856.000	-63.151	
1	3857.000	-63.166	
1	3858.000	-63.131	
1	3859.000	-63.093	
1	3860.000	-63.116	
1	3861.000	-63.175	
1	3862.000	-63.204	
1	3863.000	-63.205	
1	3864.000	-63.194	
1	3865.000	-63.195	
1	3866.000	-63.198	
1	3867.000	-63.160	
1	3868.000	-63.093	
1	3869.000	-63.011	
1	3870.000	-62.953	
1	3871.000	-62.892	
1	3872.000	-62.818	
1	3873.000	-62.719	
1	3874.000	-62.600	
1	3875.000	-62.476	
1	3876.000	-62.368	
1	3877.000	-62.291	
1	3878.000	-62.260	
1	3879.000	-62.259	
1	3880.000	-62.317	
1	3881.000	-62.401	
1	3882.000	-62.467	
1	3883.000	-62.539	
1	3884.000	-62.626	
1	3885.000	-62.692	
1	3886.000	-62.711	
1	3887.000	-62.691	
1	3888.000	-62.661	
1	3889.000	-62.687	
1	3890.000	-62.768	
1	3891.000	-62.835	
1	3892.000	-62.885	
1	3893.000	-62.922	
1	3894.000	-62.955	
1	3895.000	-62.995	
1	3896.000	-63.063	
1	3897.000	-63.159	
1	3898.000	-63.254	
1	3899.000	-63.325	
1	3900.000	-63.374	
1	3901.000	-63.406	
1	3902.000	-63.399	
1	3903.000	-63.354	
1	3904.000	-63.319	
1	3905.000	-63.294	
1	3906.000	-63.276	
1	3907.000	-63.245	
1	3908.000	-63.212	
1	3909.000	-63.156	
1	3910.000	-63.079	
1	3911.000	-62.986	
1	3912.000	-62.873	
1	3913.000	-62.784	
1	3914.000	-62.736	
1	3915.000	-62.710	
1	3916.000	-62.686	
1	3917.000	-62.688	
1	3918.000	-62.703	
1	3919.000	-62.720	
1	3920.000	-62.757	
1	3921.000	-62.771	
1	3922.000	-62.738	
1	3923.000	-62.674	
1	3924.000	-62.640	
1	3925.000	-62.634	
1	3926.000	-62.632	
1	3927.000	-62.612	
1	3928.000	-62.588	
1	3929.000	-62.571	
1	3930.000	-62.555	
1	3931.000	-62.552	
1	3932.000	-62.581	
1	3933.000	-62.631	
1	3934.000	-62.721	
1	3935.000	-62.836	
1	3936.000	-62.902	
1	3937.000	-62.891	
1	3938.000	-62.874	
1	3939.000	-62.874	
1	3940.000	-62.897	
1	3941.000	-62.946	
1	3942.000	-62.990	
1	3943.000	-63.021	
1	3944.000	-63.051	
1	3945.000	-63.037	
1	3946.000	-62.952	
1	3947.000	-62.826	
1	3948.000	-62.671	
1	3949.000	-62.540	
1	3950.000	-62.451	
1	3951.000	-62.391	
1	3952.000	-62.335	
1	3953.000	-62.253	
1	3954.000	-62.146	
1	3955.000	-62.037	
1	3956.000	-61.931	
1	3957.000	-61.851	
1	3958.000	-61.797	
1	3959.000	-61.722	
1	3960.000	-61.659	
1	3961.000	-61.633	
1	3962.000	-61.604	
1	3963.000	-61.557	
1	3964.000	-61.530	
1	3965.000	-61.521	
1	3966.000	-61.521	
1	3967.000	-61.517	
1	3968.000	-61.495	
1	3969.000	-61.474	
1	3970.000	-61.459	
1	3971.000	-61.431	
1	3972.000	-61.418	
1	3973.000	-61.424	
1	3974.000	-61.432	
1	3975.000	-61.442	
1	3976.000	-61.482	
1	3977.000	-61.526	
1	3978.000	-61.548	
1	3979.000	-61.534	
1	3980.000	-61.473	
1	3981.000	-61.393	
1	3982.000	-61.297	
1	3983.000	-61.211	
1	3984.000	-61.182	
1	3985.000	-61.206	
1	3986.000	-61.227	
1	3987.000	-61.203	
1	3988.000	-61.170	
1	3989.000	-61.149	
1	3990.000	-61.159	
1	3991.000	-61.166	
1	3992.000	-61.132	
1	3993.000	-61.050	
1	3994.000	-60.933	
1	3995.000	-60.809	
1	3996.000	-60.688	
1	3997.000	-60.612	
1	3998.000	-60.571	
1	3999.000	-60.482	
1	4000.000	-60.341	
1	4001.000	-60.207	
1	4002.000	-60.060	
1	4003.000	-59.920	
1	4004.000	-59.805	
1	4005.000	-59.693	
1	4006.000	-59.612	
1	4007.000	-59.543	
1	4008.000	-59.498	
1	4009.000	-59.494	
1	4010.000	-59.462	
1	4011.000	-59.402	
1	4012.000	-59.332	
1	4013.000	-59.262	
1	4014.000	-59.209	
1	4015.000	-59.115	
1	4016.000	-58.975	
1	4017.000	-58.808	
1	4018.000	-58.644	
1	4019.000	-58.469	
1	4020.000	-58.315	
1	4021.000	-58.200	
1	4022.000	-58.144	
1	4023.000	-58.134	
1	4024.000	-58.169	
1	4025.000	-58.262	
1	4026.000	-58.378	
1	4027.000	-58.460	
1	4028.000	-58.500	
1	4029.000	-58.540	
1	4030.000	-58.585	
1	4031.000	-58.611	
1	4032.000	-58.637	
1	4033.000	-58.693	
1	4034.000	-58.773	
1	4035.000	-58.820	
1	4036.000	-58.821	
1	4037.000	-58.783	
1	4038.000	-58.716	
1	4039.000	-58.644	
1	4040.000	-58.580	
1	4041.000	-58.509	
1	4042.000	-58.463	
1	4043.000	-58.426	
1	4044.000	-58.378	
1	4045.000	-58.325	
1	4046.000	-58.296	
1	4047.000	-58.231	
1	4048.000	-58.140	
1	4049.000	-58.043	
1	4050.000	-57.947	
1	4051.000	-57.891	
1	4052.000	-57.865	
1	4053.000	-57.870	
1	4054.000	-57.902	
1	4055.000	-57.903	
1	4056.000	-57.878	
1	4057.000	-57.835	
1	4058.000	-57.786	
1	4059.000	-57.699	
1	4060.000	-57.602	
1	4061.000	-57.483	
1	4062.000	-57.356	
1	4063.000	-57.250	
1	4064.000	-57.196	
1	4065.000	-57.207	
1	4066.000	-57.249	
1	4067.000	-57.292	
1	4068.000	-57.321	
1	4069.000	-57.325	
1	4070.000	-57.313	
1	4071.000	-57.238	
1	4072.000	-57.151	
1	4073.000	-57.054	
1	4074.000	-56.924	
1	4075.000	-56.813	
1	4076.000	-56.719	
1	4077.000	-56.590	
1	4078.000	-56.427	
1	4079.000	-56.275	
1	4080.000	-56.179	
1	4081.000	-56.146	
1	4082.000	-56.182	
1	4083.000	-56.219	
1	4084.000	-56.237	
1	4085.000	-56.219	
1	4086.000	-56.183	
1	4087.000	-56.148	
1	4088.000	-56.114	
1	4089.000	-56.081	
1	4090.000	-56.024	
1	4091.000	-55.948	
1	4092.000	-55.855	
1	4093.000	-55.779	
1	4094.000	-55.739	
1	4095.000	-55.696	
1	4096.000	-55.630	
1	4097.000	-55.544	
1	4098.000	-55.475	
1	4099.000	-55.451	
1	4100.000	-55.431	
1	4101.000	-55.367	
1	4102.000	-55.274	
1	4103.000	-55.197	
1	4104.000	-55.160	
1	4105.000	-55.145	
1	4106.000	-55.118	
1	4107.000	-55.083	
1	4108.000	-55.085	
1	4109.000	-55.104	
1	4110.000	-55.134	
1	4111.000	-55.183	
1	4112.000	-55.262	
1	4113.000	-55.349	
1	4114.000	-55.406	
1	4115.000	-55.459	
1	4116.000	-55.514	
1	4117.000	-55.558	
1	4118.000	-55.598	
1	4119.000	-55.629	
1	4120.000	-55.639	
1	4121.000	-55.640	
1	4122.000	-55.630	
1	4123.000	-55.614	
1	4124.000	-55.577	
1	4125.000	-55.564	
1	4126.000	-55.528	
1	4127.000	-55.434	
1	4128.000	-55.312	
1	4129.000	-55.216	
1	4130.000	-55.163	
1	4131.000	-55.131	
1	4132.000	-55.117	
1	4133.000	-55.103	
1	4134.000	-55.098	
1	4135.000	-55.111	
1	4136.000	-55.137	
1	4137.000	-55.153	
1	4138.000	-55.159	
1	4139.000	-55.184	
1	4140.000	-55.220	
1	4141.000	-55.290	
1	4142.000	-55.383	
1	4143.000	-55.470	
1	4144.000	-55.547	
1	4145.000	-55.610	
1	4146.000	-55.648	
1	4147.000	-55.644	
1	4148.000	-55.617	
1	4149.000	-55.587	
1	4150.000	-55.573	
1	4151.000	-55.575	
1	4152.000	-55.567	
1	4153.000	-55.530	
1	4154.000	-55.499	
1	4155.000	-55.443	
1	4156.000	-55.376	
1	4157.000	-55.311	
1	4158.000	-55.236	
1	4159.000	-55.168	
1	4160.000	-55.100	
1	4161.000	-55.064	
1	4162.000	-55.029	
1	4163.000	-70.000	
1	4164.000	-70.000	
1	4165.000	-69.713	
1	4166.000	-68.397	
1	4167.000	-67.259	
1	4168.000	-66.260	
1	4169.000	-65.362	
1	4170.000	-64.509	
1	4171.000	-63.691	
1	4172.000	-62.940	
1	4173.000	-62.262	
1	4174.000	-61.659	
1	4175.000	-61.157	
1	4176.000	-60.723	
1	4177.000	-60.296	
1	4178.000	-59.873	
1	4179.000	-59.466	
1	4180.000	-59.086	
1	4181.000	-58.753	
1	4182.000	-58.488	
1	4183.000	-58.254	
1	4184.000	-58.037	
1	4185.000	-57.821	
1	4186.000	-57.600	
1	4187.000	-57.404	
1	4188.000	-57.238	
1	4189.000	-57.102	
1	4190.000	-56.999	
1	4191.000	-56.929	
1	4192.000	-56.871	
1	4193.000	-56.869	
1	4194.000	-56.908	
1	4195.000	-56.950	
1	4196.000	-56.927	
1	4197.000	-56.832	
1	4198.000	-56.722	
1	4199.000	-56.624	
1	4200.000	-56.585	
1	4201.000	-56.570	
1	4202.000	-56.561	
1	4203.000	-56.557	
1	4204.000	-56.596	
1	4205.000	-56.671	
1	4206.000	-56.740	
1	4207.000	-56.780	
1	4208.000	-56.781	
1	4209.000	-56.788	
1	4210.000	-56.838	
1	4211.000	-56.914	
1	4212.000	-56.970	
1	4213.000	-56.989	
1	4214.000	-56.992	
1	4215.000	-56.981	
1	4216.000	-56.988	
1	4217.000	-57.012	
1	4218.000	-57.075	
1	4219.000	-57.162	
1	4220.000	-57.268	
1	4221.000	-57.394	
1	4222.000	-57.527	
1	4223.000	-57.661	
1	4224.000	-57.809	
1	4225.000	-57.953	
1	4226.000	-58.070	
1	4227.000	-58.136	
1	4228.000	-58.161	
1	4229.000	-58.155	
1	4230.000	-58.137	
1	4231.000	-58.131	
1	4232.000	-58.097	
1	4233.000	-58.041	
1	4234.000	-57.992	
1	4235.000	-58.016	
1	4236.000	-58.117	
1	4237.000	-58.233	
1	4238.000	-58.314	
1	4239.000	-58.379	
1	4240.000	-58.463	
1	4241.000	-58.594	
1	4242.000	-58.723	
1	4243.000	-58.828	
1	4244.000	-58.947	
1	4245.000	-59.042	
1	4246.000	-59.095	
1	4247.000	-59.097	
1	4248.000	-59.074	
1	4249.000	-59.062	
1	4250.000	-59.075	
1	4251.000	-59.132	
1	4252.000	-59.175	
1	4253.000	-59.180	
1	4254.000	-59.165	
1	4255.000	-59.160	
1	4256.000	-59.173	
1	4257.000	-59.191	
1	4258.000	-59.237	
1	4259.000	-59.349	
1	4260.000	-59.461	
1	4261.000	-59.521	
1	4262.000	-59.560	
1	4263.000	-59.576	
1	4264.000	-59.605	
1	4265.000	-59.639	
1	4266.000	-59.686	
1	4267.000	-59.734	
1	4268.000	-59.753	
1	4269.000	-59.777	
1	4270.000	-59.795	
1	4271.000	-59.781	
1	4272.000	-59.766	
1	4273.000	-59.763	
1	4274.000	-59.751	
1	4275.000	-59.731	
1	4276.000	-59.711	
1	4277.000	-59.695	
1	4278.000	-59.717	
1	4279.000	-59.741	
1	4280.000	-59.756	
1	4281.000	-59.784	
1	4282.000	-59.803	
1	4283.000	-59.780	
1	4284.000	-59.777	
1	4285.000	-59.808	
1	4286.000	-59.838	
1	4287.000	-59.855	
1	4288.000	-59.848	
1	4289.000	-59.869	
1	4290.000	-59.913	
1	4291.000	-59.966	
1	4292.000	-60.026	
1	4293.000	-60.132	
1	4294.000	-60.303	
1	4295.000	-60.516	
1	4296.000	-60.710	
1	4297.000	-60.882	
1	4298.000	-60.980	
1	4299.000	-61.023	
1	4300.000	-61.052	
1	4301.000	-61.062	
1	4302.000	-61.031	
1	4303.000	-61.000	
1	4304.000	-61.026	
1	4305.000	-61.104	
1	4306.000	-61.198	
1	4307.000	-61.302	
1	4308.000	-61.409	
1	4309.000	-61.495	
1	4310.000	-61.550	
1	4311.000	-61.602	
1	4312.000	-61.642	
1	4313.000	-61.688	
1	4314.000	-61.760	
1	4315.000	-61.852	
1	4316.000	-61.959	
1	4317.000	-62.058	
1	4318.000	-62.180	
1	4319.000	-62.343	
1	4320.000	-62.519	
1	4321.000	-62.655	
1	4322.000	-62.714	
1	4323.000	-62.726	
1	4324.000	-62.729	
1	4325.000	-62.727	
1	4326.000	-62.724	
1	4327.000	-62.739	
1	4328.000	-62.765	
1	4329.000	-62.775	
1	4330.000	-62.766	
1	4331.000	-62.702	
1	4332.000	-62.590	
1	4333.000	-62.462	
1	4334.000	-62.359	
1	4335.000	-62.300	
1	4336.000	-62.259	
1	4337.000	-62.237	
1	4338.000	-62.214	
1	4339.000	-62.197	
1	4340.000	-62.142	
1	4341.000	-62.074	
1	4342.000	-62.018	
1	4343.000	-61.989	
1	4344.000	-61.975	
1	4345.000	-61.963	
1	4346.000	-61.966	
1	4347.000	-61.974	
1	4348.000	-62.003	
1	4349.000	-62.070	
1	4350.000	-62.176	
1	4351.000	-62.263	
1	4352.000	-62.310	
1	4353.000	-62.343	
1	4354.000	-62.405	
1	4355.000	-62.460	
1	4356.000	-62.500	
1	4357.000	-62.510	
1	4358.000	-62.488	
1	4359.000	-62.478	
1	4360.000	-62.503	
1	4361.000	-62.549	
1	4362.000	-62.593	
1	4363.000	-62.630	
1	4364.000	-62.656	
1	4365.000	-62.717	
1	4366.000	-62.825	
1	4367.000	-62.976	
1	4368.000	-63.126	
1	4369.000	-63.257	
1	4370.000	-63.372	
1	4371.000	-63.445	
1	4372.000	-63.509	
1	4373.000	-63.570	
1	4374.000	-63.634	
1	4375.000	-63.683	
1	4376.000	-63.739	
1	4377.000	-63.807	
1	4378.000	-63.894	
1	4379.000	-63.988	
1	4380.000	-64.055	
1	4381.000	-64.092	
1	4382.000	-64.086	
1	4383.000	-64.078	
1	4384.000	-64.094	
1	4385.000	-64.155	
1	4386.000	-64.221	
1	4387.000	-64.265	
1	4388.000	-64.228	
1	4389.000	-64.144	
1	4390.000	-64.036	
1	4391.000	-63.967	
1	4392.000	-63.934	
1	4393.000	-63.903	
1	4394.000	-63.875	
1	4395.000	-63.846	
1	4396.000	-63.825	
1	4397.000	-63.810	
1	4398.000	-63.768	
1	4399.000	-63.729	
1	4400.000	-63.684	
1	4401.000	-63.662	
1	4402.000	-63.641	
1	4403.000	-63.609	
1	4404.000	-63.567	
1	4405.000	-63.517	
1	4406.000	-63.482	
1	4407.000	-63.481	
1	4408.000	-63.505	
1	4409.000	-63.535	
1	4410.000	-63.546	
1	4411.000	-63.533	
1	4412.000	-63.487	
1	4413.000	-63.431	
1	4414.000	-63.380	
1	4415.000	-63.346	
1	4416.000	-63.374	
1	4417.000	-63.419	
1	4418.000	-63.446	
1	4419.000	-63.402	
1	4420.000	-63.300	
1	4421.000	-63.184	
1	4422.000	-63.111	
1	4423.000	-63.099	
1	4424.000	-63.095	
1	4425.000	-63.097	
1	4426.000	-63.112	
1	4427.000	-63.095	
1	4428.000	-63.041	
1	4429.000	-62.966	
1	4430.000	-62.851	
1	4431.000	-62.701	
1	4432.000	-62.544	
1	4433.000	-62.416	
1	4434.000	-62.325	
1	4435.000	-62.232	
1	4436.000	-62.171	
1	4437.000	-62.154	
1	4438.000	-62.152	
1	4439.000	-62.159	
1	4440.000	-62.173	
1	4441.000	-62.213	
1	4442.000	-62.224	
1	4443.000	-62.158	
1	4444.000	-62.050	
1	4445.000	-61.952	
1	4446.000	-61.890	
1	4447.000	-61.828	
1	4448.000	-61.777	
1	4449.000	-61.747	
1	4450.000	-61.747	
1	4451.000	-61.758	
1	4452.000	-61.767	
1	4453.000	-61.760	
1	4454.000	-61.702	
1	4455.000	-61.628	
1	4456.000	-61.570	
1	4457.000	-61.513	
1	4458.000	-61.443	
1	4459.000	-61.359	
1	4460.000	-61.271	
1	4461.000	-61.189	
1	4462.000	-61.111	
1	4463.000	-61.067	
1	4464.000	-61.031	
1	4465.000	-60.978	
1	4466.000	-60.927	
1	4467.000	-60.864	
1	4468.000	-60.793	
1	4469.000	-60.728	
1	4470.000	-60.685	
1	4471.000	-60.633	
1	4472.000	-60.588	
1	4473.000	-60.574	
1	4474.000	-60.544	
1	4475.000	-60.478	
1	4476.000	-60.410	
1	4477.000	-60.363	
1	4478.000	-60.325	
1	4479.000	-60.303	
1	4480.000	-60.266	
1	4481.000	-60.223	
1	4482.000	-60.206	
1	4483.000	-60.190	
1	4484.000	-60.169	
1	4485.000	-60.151	
1	4486.000	-60.137	
1	4487.000	-60.124	
1	4488.000	-60.092	
1	4489.000	-60.091	
1	4490.000	-60.122	
1	4491.000	-60.159	
1	4492.000	-60.209	
1	4493.000	-60.290	
1	4494.000	-60.391	
1	4495.000	-60.465	
1	4496.000	-60.479	
1	4497.000	-60.448	
1	4498.000	-60.407	
1	4499.000	-60.347	
1	4500.000	-60.264	
1	4501.000	-60.174	
1	4502.000	-60.097	
1	4503.000	-60.035	
1	4504.000	-59.961	
1	4505.000	-59.846	
1	4506.000	-59.721	
1	4507.000	-59.619	
1	4508.000	-59.530	
1	4509.000	-59.437	
1	4510.000	-59.323	
1	4511.000	-59.221	
1	4512.000	-59.098	
1	4513.000	-58.965	
1	4514.000	-58.845	
1	4515.000	-58.732	
1	4516.000	-58.612	
1	4517.000	-58.501	
1	4518.000	-58.425	
1	4519.000	-58.403	
1	4520.000	-58.417	
1	4521.000	-58.412	
1	4522.000	-58.367	
1	4523.000	-58.346	
1	4524.000	-58.352	
1	4525.000	-58.310	
1	4526.000	-58.237	
1	4527.000	-58.175	
1	4528.000	-58.125	
1	4529.000	-58.070	
1	4530.000	-58.033	
1	4531.000	-58.025	
1	4532.000	-58.014	
1	4533.000	-58.008	
1	4534.000	-57.998	
1	4535.000	-58.008	
1	4536.000	-58.006	
1	4537.000	-58.004	
1	4538.000	-58.000	
1	4539.000	-57.966	
1	4540.000	-57.928	
1	4541.000	-57.876	
1	4542.000	-57.795	
1	4543.000	-57.704	
1	4544.000	-57.627	
1	4545.000	-57.565	
1	4546.000	-57.519	
1	4547.000	-57.485	
1	4548.000	-57.445	
1	4549.000	-57.384	
1	4550.000	-57.312	
1	4551.000	-57.241	
1	4552.000	-57.176	
1	4553.000	-57.122	
1	4554.000	-57.113	
1	4555.000	-57.120	
1	4556.000	-57.107	
1	4557.000	-57.025	
1	4558.000	-56.922	
1	4559.000	-56.849	
1	4560.000	-56.800	
1	4561.000	-56.763	
1	4562.000	-56.737	
1	4563.000	-56.721	
1	4564.000	-56.666	
1	4565.000	-56.561	
1	4566.000	-56.424	
1	4567.000	-56.301	
1	4568.000	-56.229	
1	4569.000	-56.158	
1	4570.000	-56.073	
1	4571.000	-55.986	
1	4572.000	-55.911	
1	4573.000	-55.880	
1	4574.000	-55.877	
1	4575.000	-55.884	
1	4576.000	-55.875	
1	4577.000	-55.828	
1	4578.000	-55.775	
1	4579.000	-55.740	
1	4580.000	-55.697	
1	4581.000	-55.615	
1	4582.000	-55.514	
1	4583.000	-55.373	
1	4584.000	-55.205	
1	4585.000	-55.063	
1	4586.000	-70.000	
1	4587.000	-70.000	
1	4588.000	-69.564	
1	4589.000	-68.195	
1	4590.000	-66.923	
1	4591.000	-65.737	
1	4592.000	-64.697	
1	4593.000	-63.803	
1	4594.000	-63.015	
1	4595.000	-62.331	
1	4596.000	-61.743	
1	4597.000	-61.216	
1	4598.000	-60.692	
1	4599.000	-60.172	
1	4600.000	-59.668	
1	4601.000	-59.212	
1	4602.000	-58.822	
1	4603.000	-58.503	
1	4604.000	-58.231	
1	4605.000	-57.995	
1	4606.000	-57.782	
1	4607.000	-57.568	
1	4608.000	-57.403	
1	4609.000	-57.269	
1	4610.000	-57.151	
1	4611.000	-57.027	
1	4612.000	-56.946	
1	4613.000	-56.902	
1	4614.000	-56.847	
1	4615.000	-56.814	
1	4616.000	-56.785	
1	4617.000	-56.731	
1	4618.000	-56.661	
1	4619.000	-56.577	
1	4620.000	-56.518	
1	4621.000	-56.465	
1	4622.000	-56.382	
1	4623.000	-56.281	
1	4624.000	-56.185	
1	4625.000	-56.112	
1	4626.000	-56.038	
1	4627.000	-55.927	
1	4628.000	-55.782	
1	4629.000	-55.653	
1	4630.000	-55.530	
1	4631.000	-55.404	
1	4632.000	-55.287	
1	4633.000	-55.209	
1	4634.000	-55.191	
1	4635.000	-55.221	
1	4636.000	-55.253	
1	4637.000	-55.317	
1	4638.000	-55.322	
1	4639.000	-55.269	
1	4640.000	-55.213	
1	4641.000	-55.140	
1	4642.000	-55.063	
1	4643.000	-70.000	
1	4644.000	-70.000	
1	4645.000	-69.543	
1	4646.000	-68.116	
1	4647.000	-66.814	
1	4648.000	-65.651	
1	4649.000	-64.589	
1	4650.000	-63.630	
1	4651.000	-62.755	
1	4652.000	-61.990	
1	4653.000	-61.333	
1	4654.000	-60.754	
1	4655.000	-60.236	
1	4656.000	-59.747	
1	4657.000	-59.307	
1	4658.000	-58.936	
1	4659.000	-58.649	
1	4660.000	-58.444	
1	4661.000	-58.272	
1	4662.000	-58.107	
1	4663.000	-57.954	
1	4664.000	-57.792	
1	4665.000	-57.654	
1	4666.000	-57.531	
1	4667.000	-57.425	
1	4668.000	-57.343	
1	4669.000	-57.277	
1	4670.000	-57.219	
1	4671.000	-57.119	
1	4672.000	-56.994	
1	4673.000	-56.843	
1	4674.000	-56.675	
1	4675.000	-56.498	
1	4676.000	-56.341	
1	4677.000	-56.235	
1	4678.000	-56.206	
1	4679.000	-56.216	
1	4680.000	-56.242	
1	4681.000	-56.298	
1	4682.000	-56.366	
1	4683.000	-56.418	
1	4684.000	-56.438	
1	4685.000	-56.441	
1	4686.000	-56.448	
1	4687.000	-56.480	
1	4688.000	-56.527	
1	4689.000	-56.596	
1	4690.000	-56.674	
1	4691.000	-56.735	
1	4692.000	-56.770	
1	4693.000	-56.754	
1	4694.000	-56.726	
1	4695.000	-56.731	
1	4696.000	-56.780	
1	4697.000	-56.854	
1	4698.000	-56.916	
1	4699.000	-56.947	
1	4700.000	-56.988	
1	4701.000	-57.045	
1	4702.000	-57.077	
1	4703.000	-57.092	
1	4704.000	-57.133	
1	4705.000	-57.200	
1	4706.000	-57.253	
1	4707.000	-57.278	
1	4708.000	-57.264	
1	4709.000	-57.219	
1	4710.000	-57.181	
1	4711.000	-57.153	
1	4712.000	-57.079	
1	4713.000	-56.994	
1	4714.000	-56.966	
1	4715.000	-56.980	
1	4716.000	-56.981	
1	4717.000	-56.973	
1	4718.000	-56.973	
1	4719.000	-56.963	
1	4720.000	-56.918	
1	4721.000	-56.856	
1	4722.000	-56.834	
1	4723.000	-56.840	
1	4724.000	-56.859	
1	4725.000	-56.938	
1	4726.000	-57.057	
1	4727.000	-57.157	
1	4728.000	-57.243	
1	4729.000	-57.324	
1	4730.000	-57.396	
1	4731.000	-57.487	
1	4732.000	-57.549	
1	4733.000	-57.580	
1	4734.000	-57.622	
1	4735.000	-57.697	
1	4736.000	-57.785	
1	4737.000	-57.882	
1	4738.000	-57.991	
1	4739.000	-58.085	
1	4740.000	-58.140	
1	4741.000	-58.197	
1	4742.000	-58.262	
1	4743.000	-58.333	
1	4744.000	-58.419	
1	4745.000	-58.506	
1	4746.000	-58.610	
1	4747.000	-58.709	
1	4748.000	-58.805	
1	4749.000	-58.905	
1	4750.000	-58.986	
1	4751.000	-59.050	
1	4752.000	-59.095	
1	4753.000	-59.128	
1	4754.000	-59.120	
1	4755.000	-59.056	
1	4756.000	-58.965	
1	4757.000	-58.866	
1	4758.000	-58.820	
1	4759.000	-58.858	
1	4760.000	-58.956	
1	4761.000	-59.106	
1	4762.000	-59.277	
1	4763.000	-59.439	
1	4764.000	-59.544	
1	4765.000	-59.592	
1	4766.000	-59.626	
1	4767.000	-59.640	
1	4768.000	-59.650	
1	4769.000	-59.701	
1	4770.000	-59.792	
1	4771.000	-59.897	
1	4772.000	-60.033	
1	4773.000	-60.191	
1	4774.000	-60.359	
1	4775.000	-60.493	
1	4776.000	-60.587	
1	4777.000	-60.624	
1	4778.000	-60.604	
1	4779.000	-60.559	
1	4780.000	-60.505	
1	4781.000	-60.455	
1	4782.000	-60.405	
1	4783.000	-60.373	
1	4784.000	-60.354	
1	4785.000	-60.337	
1	4786.000	-60.331	
1	4787.000	-60.332	
1	4788.000	-60.362	
1	4789.000	-60.396	
1	4790.000	-60.414	
1	4791.000	-60.439	
1	4792.000	-60.480	
1	4793.000	-60.561	
1	4794.000	-60.669	
1	4795.000	-60.799	
1	4796.000	-60.959	
1	4797.000	-61.123	
1	4798.000	-61.291	
1	4799.000	-61.415	
1	4800.000	-61.503	
1	4801.000	-61.553	
1	4802.000	-61.595	
1	4803.000	-61.609	
1	4804.000	-61.623	
1	4805.000	-61.660	
1	4806.000	-61.674	
1	4807.000	-61.616	
1	4808.000	-61.508	
1	4809.000	-61.378	
1	4810.000	-61.254	
1	4811.000	-61.160	
1	4812.000	-61.096	
1	4813.000	-61.025	
1	4814.000	-60.973	
1	4815.000	-60.980	
1	4816.000	-61.022	
1	4817.000	-61.066	
1	4818.000	-61.114	
1	4819.000	-61.154	
1	4820.000	-61.231	
1	4821.000	-61.325	
1	4822.000	-61.416	
1	4823.000	-61.486	
1	4824.000	-61.532	
1	4825.000	-61.591	
1	4826.000	-61.665	
1	4827.000	-61.773	
1	4828.000	-61.863	
1	4829.000	-61.941	
1	4830.000	-62.024	
1	4831.000	-62.082	
1	4832.000	-62.132	
1	4833.000	-62.201	
1	4834.000	-62.281	
1	4835.000	-62.385	
1	4836.000	-62.479	
1	4837.000	-62.534	
1	4838.000	-62.569	
1	4839.000	-62.623	
1	4840.000	-62.657	
1	4841.000	-62.618	
1	4842.000	-62.550	
1	4843.000	-62.512	
1	4844.000	-62.497	
1	4845.000	-62.497	
1	4846.000	-62.503	
1	4847.000	-62.511	
1	4848.000	-62.529	
1	4849.000	-62.560	
1	4850.000	-62.609	
1	4851.000	-62.666	
1	4852.000	-62.749	
1	4853.000	-62.807	
1	4854.000	-62.819	
1	4855.000	-62.811	
1	4856.000	-62.832	
1	4857.000	-62.865	
1	4858.000	-62.882	
1	4859.000	-62.909	
1	4860.000	-62.939	
1	4861.000	-63.006	
1	4862.000	-63.088	
1	4863.000	-63.178	
1	4864.000	-63.261	
1	4865.000	-63.338	
1	4866.000	-63.399	
1	4867.000	-63.415	
1	4868.000	-63.424	
1	4869.000	-63.453	
1	4870.000	-63.488	
1	4871.000	-63.485	
1	4872.000	-63.485	
1	4873.000	-63.491	
1	4874.000	-63.462	
1	4875.000	-63.440	
1	4876.000	-63.410	
1	4877.000	-63.368	
1	4878.000	-63.311	
1	4879.000	-63.263	
1	4880.000	-63.251	
1	4881.000	-63.259	
1	4882.000	-63.282	
1	4883.000	-63.274	
1	4884.000	-63.235	
1	4885.000	-63.238	
1	4886.000	-63.291	
1	4887.000	-63.331	
1	4888.000	-63.353	
1	4889.000	-63.364	
1	4890.000	-63.376	
1	4891.000	-63.433	
1	4892.000	-63.474	
1	4893.000	-63.474	
1	4894.000	-63.425	
1	4895.000	-63.340	
1	4896.000	-63.249	
1	4897.000	-63.139	
1	4898.000	-62.984	
1	4899.000	-62.780	
1	4900.000	-62.582	
1	4901.000	-62.424	
1	4902.000	-62.327	
1	4903.000	-62.315	
1	4904.000	-62.364	
1	4905.000	-62.446	
1	4906.000	-62.514	
1	4907.000	-62.589	
1	4908.000	-62.656	
1	4909.000	-62.686	
1	4910.000	-62.726	
1	4911.000	-62.783	
1	4912.000	-62.838	
1	4913.000	-62.853	
1	4914.000	-62.836	
1	4915.000	-62.828	
1	4916.000	-62.833	
1	4917.000	-62.826	
1	4918.000	-62.807	
1	4919.000	-62.757	
1	4920.000	-62.706	
1	4921.000	-62.698	
1	4922.000	-62.731	
1	4923.000	-62.754	
1	4924.000	-62.803	
1	4925.000	-62.844	
1	4926.000	-62.885	
1	4927.000	-62.888	
1	4928.000	-62.846	
1	4929.000	-62.762	
1	4930.000	-62.624	
1	4931.000	-62.469	
1	4932.000	-62.330	
1	4933.000	-62.203	
1	4934.000	-62.107	
1	4935.000	-62.032	
1	4936.000	-61.994	
1	4937.000	-61.972	
1	4938.000	-61.993	
1	4939.000	-62.038	
1	4940.000	-62.078	
1	4941.000	-62.044	
1	4942.000	-61.963	
1	4943.000	-61.888	
1	4944.000	-61.841	
1	4945.000	-61.803	
1	4946.000	-61.784	
1	4947.000	-61.783	
1	4948.000	-61.745	
1	4949.000	-61.674	
1	4950.000	-61.575	
1	4951.000	-61.443	
1	4952.000	-61.283	
1	4953.000	-61.128	
1	4954.000	-61.007	
1	4955.000	-60.902	
1	4956.000	-60.808	
1	4957.000	-60.702	
1	4958.000	-60.614	
1	4959.000	-60.549	
1	4960.000	-60.487	
1	4961.000	-60.436	
1	4962.000	-60.448	
1	4963.000	-60.546	
1	4964.000	-60.692	
1	4965.000	-60.807	
1	4966.000	-60.895	
1	4967.000	-60.958	
1	4968.000	-61.016	
1	4969.000	-61.073	
1	4970.000	-61.116	
1	4971.000	-61.142	
1	4972.000	-61.159	
1	4973.000	-61.194	
1	4974.000	-61.226	
1	4975.000	-61.243	
1	4976.000	-61.269	
1	4977.000	-61.297	
1	4978.000	-61.291	
1	4979.000	-61.227	
1	4980.000	-61.086	
1	4981.000	-60.903	
1	4982.000	-60.735	
1	4983.000	-60.619	
1	4984.000	-60.541	
1	4985.000	-60.484	
1	4986.000	-60.439	
1	4987.000	-60.393	
1	4988.000	-60.366	
1	4989.000	-60.328	
1	4990.000	-60.279	
1	4991.000	-60.230	
1	4992.000	-60.183	
1	4993.000	-60.140	
1	4994.000	-60.096	
1	4995.000	-60.063	
1	4996.000	-60.044	
1	4997.000	-60.000	
1	4998.000	-59.923	
1	4999.000	-59.839	
